#FORMAT      : EMSA/MAS Spectral Data File
#VERSION     : 1.0
#TITLE       : Spectrum 139
#DATE        : 19-APR-2019
#TIME        : 18:59
#OWNER       : 
#NPOINTS     : 2048.0
#NCOLUMNS    : 1.0
#XUNITS      : keV
#YUNITS      : counts
#DATATYPE    : XY
#XPERCHAN    : 0.005
#OFFSET      : -0.1
#SIGNALTYPE  : EDS
#CHOFFSET    : 20.0
#LIVETIME    : 60.026439667
#REALTIME    : 62.514938354
#BEAMKV      : 10.0
#MAGCAM      : 2000.0
#XTILTSTGE   : 0.0
#AZIMANGLE   : 0.0
#ELEVANGLE   : 35.0
#XPOSITION mm: -10.3938
#YPOSITION mm: -9.5002
#ZPOSITION mm: 6.0001
##OXINSTPT   : 4
##OXINSTSTROB: 53.24
##OXINSTELEMS: 6,8,20,38
##OXINSTLABEL: 6, 0.277, C K?1_2
##OXINSTLABEL: 8, 0.525, O K?1
##OXINSTLABEL: 20, 3.692, Ca K?1
##OXINSTLABEL: 20, 4.013, Ca K?1
##OXINSTLABEL: 20, 0.341, Ca L?1,2
##OXINSTLABEL: 20, 0.303, Ca Ll
##OXINSTLABEL: 38, 1.807, Sr L?1
##OXINSTLABEL: 38, 1.649, Sr L?
##OXINSTLABEL: 38, 1.582, Sr Ll
##OXINSTLABEL: 38, 0.114, Sr M?
#SPECTRUM    : Spectral Data Starts Here
-0.10000, 0.0
-0.09500, 0.0
-0.09000, 0.0
-0.08500, 0.0
-0.08000, 1.0
-0.07500, 2.0
-0.07000, 1.0
-0.06500, 3.0
-0.06000, 8.0
-0.05500, 13.0
-0.05000, 27.0
-0.04500, 37.0
-0.04000, 59.0
-0.03500, 99.0
-0.03000, 156.0
-0.02500, 211.0
-0.02000, 274.0
-0.01500, 369.0
-0.01000, 477.0
-0.00500, 549.0
0.00000, 638.0
0.00500, 791.0
0.01000, 894.0
0.01500, 972.0
0.02000, 1019.0
0.02500, 1135.0
0.03000, 1330.0
0.03500, 1370.0
0.04000, 1437.0
0.04500, 1477.0
0.05000, 1514.0
0.05500, 1398.0
0.06000, 1270.0
0.06500, 1167.0
0.07000, 951.0
0.07500, 745.0
0.08000, 545.0
0.08500, 365.0
0.09000, 244.0
0.09500, 159.0
0.10000, 91.0
0.10500, 52.0
0.11000, 43.0
0.11500, 29.0
0.12000, 25.0
0.12500, 21.0
0.13000, 16.0
0.13500, 14.0
0.14000, 17.0
0.14500, 22.0
0.15000, 24.0
0.15500, 26.0
0.16000, 16.0
0.16500, 12.0
0.17000, 15.0
0.17500, 22.0
0.18000, 26.0
0.18500, 37.0
0.19000, 35.0
0.19500, 34.0
0.20000, 41.0
0.20500, 37.0
0.21000, 49.0
0.21500, 68.0
0.22000, 83.0
0.22500, 120.0
0.23000, 151.0
0.23500, 175.0
0.24000, 233.0
0.24500, 269.0
0.25000, 329.0
0.25500, 359.0
0.26000, 370.0
0.26500, 416.0
0.27000, 418.0
0.27500, 412.0
0.28000, 424.0
0.28500, 387.0
0.29000, 339.0
0.29500, 289.0
0.30000, 231.0
0.30500, 204.0
0.31000, 161.0
0.31500, 120.0
0.32000, 81.0
0.32500, 71.0
0.33000, 43.0
0.33500, 31.0
0.34000, 29.0
0.34500, 18.0
0.35000, 13.0
0.35500, 16.0
0.36000, 13.0
0.36500, 10.0
0.37000, 7.0
0.37500, 13.0
0.38000, 12.0
0.38500, 12.0
0.39000, 12.0
0.39500, 14.0
0.40000, 14.0
0.40500, 16.0
0.41000, 18.0
0.41500, 11.0
0.42000, 12.0
0.42500, 12.0
0.43000, 13.0
0.43500, 18.0
0.44000, 12.0
0.44500, 14.0
0.45000, 17.0
0.45500, 19.0
0.46000, 22.0
0.46500, 30.0
0.47000, 31.0
0.47500, 44.0
0.48000, 53.0
0.48500, 56.0
0.49000, 69.0
0.49500, 88.0
0.50000, 90.0
0.50500, 95.0
0.51000, 107.0
0.51500, 117.0
0.52000, 115.0
0.52500, 111.0
0.53000, 111.0
0.53500, 120.0
0.54000, 101.0
0.54500, 97.0
0.55000, 78.0
0.55500, 55.0
0.56000, 54.0
0.56500, 50.0
0.57000, 36.0
0.57500, 25.0
0.58000, 22.0
0.58500, 28.0
0.59000, 20.0
0.59500, 15.0
0.60000, 11.0
0.60500, 11.0
0.61000, 11.0
0.61500, 8.0
0.62000, 11.0
0.62500, 17.0
0.63000, 13.0
0.63500, 8.0
0.64000, 11.0
0.64500, 12.0
0.65000, 10.0
0.65500, 14.0
0.66000, 14.0
0.66500, 15.0
0.67000, 15.0
0.67500, 15.0
0.68000, 15.0
0.68500, 17.0
0.69000, 17.0
0.69500, 12.0
0.70000, 13.0
0.70500, 10.0
0.71000, 11.0
0.71500, 13.0
0.72000, 14.0
0.72500, 14.0
0.73000, 15.0
0.73500, 17.0
0.74000, 20.0
0.74500, 15.0
0.75000, 14.0
0.75500, 9.0
0.76000, 9.0
0.76500, 11.0
0.77000, 11.0
0.77500, 10.0
0.78000, 15.0
0.78500, 16.0
0.79000, 12.0
0.79500, 12.0
0.80000, 13.0
0.80500, 15.0
0.81000, 11.0
0.81500, 12.0
0.82000, 12.0
0.82500, 13.0
0.83000, 13.0
0.83500, 11.0
0.84000, 11.0
0.84500, 15.0
0.85000, 11.0
0.85500, 14.0
0.86000, 14.0
0.86500, 17.0
0.87000, 16.0
0.87500, 17.0
0.88000, 19.0
0.88500, 12.0
0.89000, 18.0
0.89500, 17.0
0.90000, 12.0
0.90500, 10.0
0.91000, 17.0
0.91500, 14.0
0.92000, 18.0
0.92500, 18.0
0.93000, 14.0
0.93500, 14.0
0.94000, 17.0
0.94500, 14.0
0.95000, 13.0
0.95500, 16.0
0.96000, 14.0
0.96500, 17.0
0.97000, 15.0
0.97500, 17.0
0.98000, 22.0
0.98500, 17.0
0.99000, 21.0
0.99500, 20.0
1.00000, 20.0
1.00500, 29.0
1.01000, 22.0
1.01500, 18.0
1.02000, 22.0
1.02500, 29.0
1.03000, 16.0
1.03500, 12.0
1.04000, 19.0
1.04500, 26.0
1.05000, 26.0
1.05500, 25.0
1.06000, 30.0
1.06500, 28.0
1.07000, 27.0
1.07500, 25.0
1.08000, 23.0
1.08500, 23.0
1.09000, 23.0
1.09500, 22.0
1.10000, 26.0
1.10500, 22.0
1.11000, 25.0
1.11500, 26.0
1.12000, 31.0
1.12500, 23.0
1.13000, 21.0
1.13500, 25.0
1.14000, 27.0
1.14500, 23.0
1.15000, 23.0
1.15500, 25.0
1.16000, 26.0
1.16500, 29.0
1.17000, 30.0
1.17500, 25.0
1.18000, 25.0
1.18500, 25.0
1.19000, 22.0
1.19500, 26.0
1.20000, 32.0
1.20500, 36.0
1.21000, 31.0
1.21500, 26.0
1.22000, 30.0
1.22500, 33.0
1.23000, 32.0
1.23500, 29.0
1.24000, 34.0
1.24500, 28.0
1.25000, 36.0
1.25500, 34.0
1.26000, 37.0
1.26500, 33.0
1.27000, 36.0
1.27500, 42.0
1.28000, 41.0
1.28500, 41.0
1.29000, 35.0
1.29500, 33.0
1.30000, 39.0
1.30500, 33.0
1.31000, 38.0
1.31500, 41.0
1.32000, 43.0
1.32500, 37.0
1.33000, 34.0
1.33500, 33.0
1.34000, 35.0
1.34500, 39.0
1.35000, 41.0
1.35500, 29.0
1.36000, 33.0
1.36500, 39.0
1.37000, 38.0
1.37500, 46.0
1.38000, 42.0
1.38500, 44.0
1.39000, 42.0
1.39500, 47.0
1.40000, 43.0
1.40500, 49.0
1.41000, 48.0
1.41500, 50.0
1.42000, 56.0
1.42500, 46.0
1.43000, 47.0
1.43500, 48.0
1.44000, 46.0
1.44500, 47.0
1.45000, 41.0
1.45500, 41.0
1.46000, 44.0
1.46500, 44.0
1.47000, 47.0
1.47500, 47.0
1.48000, 46.0
1.48500, 45.0
1.49000, 47.0
1.49500, 46.0
1.50000, 51.0
1.50500, 51.0
1.51000, 50.0
1.51500, 51.0
1.52000, 64.0
1.52500, 53.0
1.53000, 54.0
1.53500, 64.0
1.54000, 64.0
1.54500, 66.0
1.55000, 60.0
1.55500, 61.0
1.56000, 68.0
1.56500, 60.0
1.57000, 66.0
1.57500, 64.0
1.58000, 68.0
1.58500, 78.0
1.59000, 71.0
1.59500, 69.0
1.60000, 72.0
1.60500, 69.0
1.61000, 69.0
1.61500, 74.0
1.62000, 67.0
1.62500, 66.0
1.63000, 71.0
1.63500, 84.0
1.64000, 71.0
1.64500, 66.0
1.65000, 65.0
1.65500, 70.0
1.66000, 64.0
1.66500, 58.0
1.67000, 61.0
1.67500, 74.0
1.68000, 62.0
1.68500, 58.0
1.69000, 63.0
1.69500, 53.0
1.70000, 59.0
1.70500, 67.0
1.71000, 65.0
1.71500, 75.0
1.72000, 70.0
1.72500, 70.0
1.73000, 74.0
1.73500, 71.0
1.74000, 83.0
1.74500, 83.0
1.75000, 108.0
1.75500, 115.0
1.76000, 116.0
1.76500, 115.0
1.77000, 109.0
1.77500, 136.0
1.78000, 154.0
1.78500, 149.0
1.79000, 150.0
1.79500, 174.0
1.80000, 178.0
1.80500, 161.0
1.81000, 172.0
1.81500, 192.0
1.82000, 200.0
1.82500, 201.0
1.83000, 184.0
1.83500, 195.0
1.84000, 192.0
1.84500, 161.0
1.85000, 159.0
1.85500, 166.0
1.86000, 160.0
1.86500, 158.0
1.87000, 137.0
1.87500, 144.0
1.88000, 135.0
1.88500, 121.0
1.89000, 115.0
1.89500, 119.0
1.90000, 124.0
1.90500, 114.0
1.91000, 107.0
1.91500, 119.0
1.92000, 112.0
1.92500, 109.0
1.93000, 114.0
1.93500, 107.0
1.94000, 106.0
1.94500, 93.0
1.95000, 88.0
1.95500, 97.0
1.96000, 94.0
1.96500, 98.0
1.97000, 108.0
1.97500, 120.0
1.98000, 121.0
1.98500, 134.0
1.99000, 143.0
1.99500, 151.0
2.00000, 163.0
2.00500, 174.0
2.01000, 210.0
2.01500, 220.0
2.02000, 233.0
2.02500, 270.0
2.03000, 283.0
2.03500, 311.0
2.04000, 322.0
2.04500, 310.0
2.05000, 314.0
2.05500, 335.0
2.06000, 345.0
2.06500, 360.0
2.07000, 330.0
2.07500, 312.0
2.08000, 342.0
2.08500, 308.0
2.09000, 298.0
2.09500, 320.0
2.10000, 304.0
2.10500, 275.0
2.11000, 259.0
2.11500, 282.0
2.12000, 276.0
2.12500, 253.0
2.13000, 251.0
2.13500, 234.0
2.14000, 225.0
2.14500, 207.0
2.15000, 197.0
2.15500, 195.0
2.16000, 172.0
2.16500, 155.0
2.17000, 155.0
2.17500, 151.0
2.18000, 125.0
2.18500, 105.0
2.19000, 98.0
2.19500, 87.0
2.20000, 98.0
2.20500, 95.0
2.21000, 72.0
2.21500, 67.0
2.22000, 63.0
2.22500, 64.0
2.23000, 71.0
2.23500, 63.0
2.24000, 58.0
2.24500, 53.0
2.25000, 56.0
2.25500, 60.0
2.26000, 61.0
2.26500, 63.0
2.27000, 60.0
2.27500, 57.0
2.28000, 57.0
2.28500, 55.0
2.29000, 61.0
2.29500, 67.0
2.30000, 63.0
2.30500, 61.0
2.31000, 59.0
2.31500, 64.0
2.32000, 64.0
2.32500, 67.0
2.33000, 70.0
2.33500, 67.0
2.34000, 69.0
2.34500, 70.0
2.35000, 74.0
2.35500, 66.0
2.36000, 58.0
2.36500, 63.0
2.37000, 61.0
2.37500, 66.0
2.38000, 58.0
2.38500, 54.0
2.39000, 58.0
2.39500, 59.0
2.40000, 66.0
2.40500, 56.0
2.41000, 56.0
2.41500, 48.0
2.42000, 49.0
2.42500, 48.0
2.43000, 55.0
2.43500, 57.0
2.44000, 60.0
2.44500, 56.0
2.45000, 53.0
2.45500, 52.0
2.46000, 55.0
2.46500, 56.0
2.47000, 55.0
2.47500, 50.0
2.48000, 55.0
2.48500, 57.0
2.49000, 54.0
2.49500, 53.0
2.50000, 52.0
2.50500, 56.0
2.51000, 54.0
2.51500, 50.0
2.52000, 48.0
2.52500, 51.0
2.53000, 55.0
2.53500, 55.0
2.54000, 49.0
2.54500, 45.0
2.55000, 52.0
2.55500, 56.0
2.56000, 58.0
2.56500, 62.0
2.57000, 55.0
2.57500, 50.0
2.58000, 50.0
2.58500, 59.0
2.59000, 61.0
2.59500, 50.0
2.60000, 52.0
2.60500, 55.0
2.61000, 55.0
2.61500, 58.0
2.62000, 63.0
2.62500, 59.0
2.63000, 56.0
2.63500, 54.0
2.64000, 57.0
2.64500, 50.0
2.65000, 53.0
2.65500, 60.0
2.66000, 63.0
2.66500, 56.0
2.67000, 56.0
2.67500, 67.0
2.68000, 60.0
2.68500, 49.0
2.69000, 47.0
2.69500, 52.0
2.70000, 49.0
2.70500, 56.0
2.71000, 55.0
2.71500, 55.0
2.72000, 58.0
2.72500, 64.0
2.73000, 57.0
2.73500, 53.0
2.74000, 54.0
2.74500, 54.0
2.75000, 55.0
2.75500, 64.0
2.76000, 72.0
2.76500, 75.0
2.77000, 65.0
2.77500, 62.0
2.78000, 75.0
2.78500, 82.0
2.79000, 89.0
2.79500, 89.0
2.80000, 93.0
2.80500, 112.0
2.81000, 106.0
2.81500, 100.0
2.82000, 113.0
2.82500, 120.0
2.83000, 124.0
2.83500, 118.0
2.84000, 117.0
2.84500, 121.0
2.85000, 118.0
2.85500, 122.0
2.86000, 118.0
2.86500, 102.0
2.87000, 109.0
2.87500, 112.0
2.88000, 97.0
2.88500, 92.0
2.89000, 90.0
2.89500, 78.0
2.90000, 75.0
2.90500, 76.0
2.91000, 78.0
2.91500, 77.0
2.92000, 77.0
2.92500, 70.0
2.93000, 84.0
2.93500, 80.0
2.94000, 69.0
2.94500, 71.0
2.95000, 73.0
2.95500, 74.0
2.96000, 66.0
2.96500, 74.0
2.97000, 70.0
2.97500, 71.0
2.98000, 80.0
2.98500, 81.0
2.99000, 75.0
2.99500, 72.0
3.00000, 70.0
3.00500, 76.0
3.01000, 77.0
3.01500, 78.0
3.02000, 79.0
3.02500, 80.0
3.03000, 80.0
3.03500, 77.0
3.04000, 71.0
3.04500, 70.0
3.05000, 69.0
3.05500, 75.0
3.06000, 65.0
3.06500, 59.0
3.07000, 55.0
3.07500, 44.0
3.08000, 51.0
3.08500, 66.0
3.09000, 56.0
3.09500, 54.0
3.10000, 58.0
3.10500, 55.0
3.11000, 54.0
3.11500, 71.0
3.12000, 66.0
3.12500, 57.0
3.13000, 50.0
3.13500, 55.0
3.14000, 54.0
3.14500, 51.0
3.15000, 55.0
3.15500, 56.0
3.16000, 52.0
3.16500, 43.0
3.17000, 50.0
3.17500, 50.0
3.18000, 52.0
3.18500, 49.0
3.19000, 50.0
3.19500, 53.0
3.20000, 50.0
3.20500, 45.0
3.21000, 45.0
3.21500, 49.0
3.22000, 53.0
3.22500, 52.0
3.23000, 43.0
3.23500, 44.0
3.24000, 45.0
3.24500, 44.0
3.25000, 47.0
3.25500, 60.0
3.26000, 57.0
3.26500, 47.0
3.27000, 48.0
3.27500, 51.0
3.28000, 47.0
3.28500, 43.0
3.29000, 47.0
3.29500, 52.0
3.30000, 43.0
3.30500, 40.0
3.31000, 43.0
3.31500, 44.0
3.32000, 49.0
3.32500, 53.0
3.33000, 54.0
3.33500, 45.0
3.34000, 39.0
3.34500, 40.0
3.35000, 45.0
3.35500, 47.0
3.36000, 48.0
3.36500, 49.0
3.37000, 55.0
3.37500, 60.0
3.38000, 51.0
3.38500, 36.0
3.39000, 32.0
3.39500, 38.0
3.40000, 47.0
3.40500, 47.0
3.41000, 50.0
3.41500, 43.0
3.42000, 42.0
3.42500, 44.0
3.43000, 41.0
3.43500, 46.0
3.44000, 49.0
3.44500, 42.0
3.45000, 42.0
3.45500, 45.0
3.46000, 44.0
3.46500, 35.0
3.47000, 35.0
3.47500, 39.0
3.48000, 45.0
3.48500, 51.0
3.49000, 51.0
3.49500, 50.0
3.50000, 51.0
3.50500, 48.0
3.51000, 40.0
3.51500, 47.0
3.52000, 49.0
3.52500, 41.0
3.53000, 47.0
3.53500, 58.0
3.54000, 71.0
3.54500, 67.0
3.55000, 68.0
3.55500, 71.0
3.56000, 70.0
3.56500, 74.0
3.57000, 84.0
3.57500, 102.0
3.58000, 123.0
3.58500, 142.0
3.59000, 153.0
3.59500, 171.0
3.60000, 189.0
3.60500, 238.0
3.61000, 286.0
3.61500, 323.0
3.62000, 374.0
3.62500, 441.0
3.63000, 488.0
3.63500, 578.0
3.64000, 672.0
3.64500, 760.0
3.65000, 836.0
3.65500, 898.0
3.66000, 987.0
3.66500, 1060.0
3.67000, 1150.0
3.67500, 1242.0
3.68000, 1295.0
3.68500, 1312.0
3.69000, 1374.0
3.69500, 1372.0
3.70000, 1340.0
3.70500, 1340.0
3.71000, 1299.0
3.71500, 1237.0
3.72000, 1187.0
3.72500, 1099.0
3.73000, 1006.0
3.73500, 907.0
3.74000, 827.0
3.74500, 730.0
3.75000, 666.0
3.75500, 602.0
3.76000, 554.0
3.76500, 480.0
3.77000, 390.0
3.77500, 334.0
3.78000, 282.0
3.78500, 235.0
3.79000, 197.0
3.79500, 167.0
3.80000, 148.0
3.80500, 126.0
3.81000, 97.0
3.81500, 79.0
3.82000, 83.0
3.82500, 74.0
3.83000, 60.0
3.83500, 55.0
3.84000, 51.0
3.84500, 49.0
3.85000, 51.0
3.85500, 50.0
3.86000, 56.0
3.86500, 51.0
3.87000, 48.0
3.87500, 46.0
3.88000, 45.0
3.88500, 41.0
3.89000, 47.0
3.89500, 50.0
3.90000, 42.0
3.90500, 51.0
3.91000, 56.0
3.91500, 55.0
3.92000, 61.0
3.92500, 65.0
3.93000, 59.0
3.93500, 67.0
3.94000, 96.0
3.94500, 114.0
3.95000, 105.0
3.95500, 96.0
3.96000, 109.0
3.96500, 119.0
3.97000, 138.0
3.97500, 153.0
3.98000, 154.0
3.98500, 167.0
3.99000, 171.0
3.99500, 181.0
4.00000, 195.0
4.00500, 206.0
4.01000, 201.0
4.01500, 195.0
4.02000, 212.0
4.02500, 213.0
4.03000, 201.0
4.03500, 200.0
4.04000, 186.0
4.04500, 174.0
4.05000, 161.0
4.05500, 141.0
4.06000, 132.0
4.06500, 116.0
4.07000, 113.0
4.07500, 105.0
4.08000, 81.0
4.08500, 76.0
4.09000, 77.0
4.09500, 63.0
4.10000, 55.0
4.10500, 50.0
4.11000, 49.0
4.11500, 47.0
4.12000, 45.0
4.12500, 42.0
4.13000, 35.0
4.13500, 34.0
4.14000, 36.0
4.14500, 36.0
4.15000, 33.0
4.15500, 28.0
4.16000, 24.0
4.16500, 22.0
4.17000, 25.0
4.17500, 26.0
4.18000, 31.0
4.18500, 31.0
4.19000, 25.0
4.19500, 22.0
4.20000, 29.0
4.20500, 27.0
4.21000, 27.0
4.21500, 27.0
4.22000, 27.0
4.22500, 23.0
4.23000, 21.0
4.23500, 21.0
4.24000, 22.0
4.24500, 23.0
4.25000, 21.0
4.25500, 18.0
4.26000, 23.0
4.26500, 27.0
4.27000, 29.0
4.27500, 26.0
4.28000, 25.0
4.28500, 29.0
4.29000, 21.0
4.29500, 26.0
4.30000, 27.0
4.30500, 26.0
4.31000, 31.0
4.31500, 30.0
4.32000, 33.0
4.32500, 29.0
4.33000, 29.0
4.33500, 30.0
4.34000, 26.0
4.34500, 24.0
4.35000, 28.0
4.35500, 27.0
4.36000, 22.0
4.36500, 26.0
4.37000, 30.0
4.37500, 27.0
4.38000, 32.0
4.38500, 32.0
4.39000, 29.0
4.39500, 24.0
4.40000, 22.0
4.40500, 25.0
4.41000, 32.0
4.41500, 29.0
4.42000, 24.0
4.42500, 24.0
4.43000, 26.0
4.43500, 26.0
4.44000, 25.0
4.44500, 24.0
4.45000, 22.0
4.45500, 23.0
4.46000, 28.0
4.46500, 29.0
4.47000, 32.0
4.47500, 27.0
4.48000, 23.0
4.48500, 21.0
4.49000, 19.0
4.49500, 24.0
4.50000, 24.0
4.50500, 28.0
4.51000, 27.0
4.51500, 24.0
4.52000, 26.0
4.52500, 24.0
4.53000, 27.0
4.53500, 31.0
4.54000, 32.0
4.54500, 25.0
4.55000, 24.0
4.55500, 25.0
4.56000, 23.0
4.56500, 25.0
4.57000, 25.0
4.57500, 23.0
4.58000, 23.0
4.58500, 23.0
4.59000, 22.0
4.59500, 25.0
4.60000, 28.0
4.60500, 24.0
4.61000, 22.0
4.61500, 20.0
4.62000, 24.0
4.62500, 29.0
4.63000, 28.0
4.63500, 31.0
4.64000, 30.0
4.64500, 29.0
4.65000, 25.0
4.65500, 27.0
4.66000, 32.0
4.66500, 27.0
4.67000, 26.0
4.67500, 27.0
4.68000, 24.0
4.68500, 22.0
4.69000, 22.0
4.69500, 20.0
4.70000, 17.0
4.70500, 22.0
4.71000, 28.0
4.71500, 25.0
4.72000, 25.0
4.72500, 25.0
4.73000, 24.0
4.73500, 25.0
4.74000, 26.0
4.74500, 25.0
4.75000, 23.0
4.75500, 26.0
4.76000, 27.0
4.76500, 26.0
4.77000, 26.0
4.77500, 24.0
4.78000, 24.0
4.78500, 28.0
4.79000, 28.0
4.79500, 24.0
4.80000, 21.0
4.80500, 23.0
4.81000, 25.0
4.81500, 23.0
4.82000, 23.0
4.82500, 23.0
4.83000, 20.0
4.83500, 22.0
4.84000, 24.0
4.84500, 23.0
4.85000, 20.0
4.85500, 20.0
4.86000, 24.0
4.86500, 26.0
4.87000, 21.0
4.87500, 20.0
4.88000, 27.0
4.88500, 25.0
4.89000, 20.0
4.89500, 24.0
4.90000, 23.0
4.90500, 24.0
4.91000, 24.0
4.91500, 23.0
4.92000, 24.0
4.92500, 27.0
4.93000, 27.0
4.93500, 23.0
4.94000, 23.0
4.94500, 25.0
4.95000, 22.0
4.95500, 21.0
4.96000, 24.0
4.96500, 19.0
4.97000, 16.0
4.97500, 21.0
4.98000, 22.0
4.98500, 24.0
4.99000, 28.0
4.99500, 27.0
5.00000, 25.0
5.00500, 24.0
5.01000, 21.0
5.01500, 23.0
5.02000, 22.0
5.02500, 18.0
5.03000, 20.0
5.03500, 23.0
5.04000, 26.0
5.04500, 24.0
5.05000, 18.0
5.05500, 21.0
5.06000, 26.0
5.06500, 26.0
5.07000, 30.0
5.07500, 26.0
5.08000, 16.0
5.08500, 22.0
5.09000, 26.0
5.09500, 21.0
5.10000, 22.0
5.10500, 24.0
5.11000, 27.0
5.11500, 23.0
5.12000, 17.0
5.12500, 20.0
5.13000, 21.0
5.13500, 24.0
5.14000, 24.0
5.14500, 23.0
5.15000, 19.0
5.15500, 22.0
5.16000, 23.0
5.16500, 17.0
5.17000, 26.0
5.17500, 32.0
5.18000, 29.0
5.18500, 24.0
5.19000, 25.0
5.19500, 21.0
5.20000, 22.0
5.20500, 24.0
5.21000, 16.0
5.21500, 19.0
5.22000, 23.0
5.22500, 21.0
5.23000, 18.0
5.23500, 22.0
5.24000, 25.0
5.24500, 27.0
5.25000, 26.0
5.25500, 20.0
5.26000, 22.0
5.26500, 26.0
5.27000, 22.0
5.27500, 19.0
5.28000, 26.0
5.28500, 25.0
5.29000, 23.0
5.29500, 22.0
5.30000, 16.0
5.30500, 13.0
5.31000, 17.0
5.31500, 24.0
5.32000, 21.0
5.32500, 18.0
5.33000, 19.0
5.33500, 20.0
5.34000, 21.0
5.34500, 20.0
5.35000, 21.0
5.35500, 24.0
5.36000, 21.0
5.36500, 20.0
5.37000, 24.0
5.37500, 20.0
5.38000, 20.0
5.38500, 21.0
5.39000, 21.0
5.39500, 21.0
5.40000, 22.0
5.40500, 21.0
5.41000, 20.0
5.41500, 22.0
5.42000, 21.0
5.42500, 16.0
5.43000, 20.0
5.43500, 25.0
5.44000, 20.0
5.44500, 20.0
5.45000, 23.0
5.45500, 22.0
5.46000, 21.0
5.46500, 24.0
5.47000, 22.0
5.47500, 21.0
5.48000, 26.0
5.48500, 28.0
5.49000, 22.0
5.49500, 20.0
5.50000, 18.0
5.50500, 17.0
5.51000, 22.0
5.51500, 19.0
5.52000, 21.0
5.52500, 21.0
5.53000, 19.0
5.53500, 22.0
5.54000, 26.0
5.54500, 28.0
5.55000, 23.0
5.55500, 18.0
5.56000, 20.0
5.56500, 23.0
5.57000, 21.0
5.57500, 20.0
5.58000, 19.0
5.58500, 21.0
5.59000, 20.0
5.59500, 16.0
5.60000, 19.0
5.60500, 19.0
5.61000, 17.0
5.61500, 19.0
5.62000, 17.0
5.62500, 15.0
5.63000, 19.0
5.63500, 23.0
5.64000, 21.0
5.64500, 19.0
5.65000, 17.0
5.65500, 18.0
5.66000, 15.0
5.66500, 20.0
5.67000, 25.0
5.67500, 25.0
5.68000, 25.0
5.68500, 24.0
5.69000, 25.0
5.69500, 23.0
5.70000, 21.0
5.70500, 24.0
5.71000, 22.0
5.71500, 18.0
5.72000, 17.0
5.72500, 19.0
5.73000, 17.0
5.73500, 21.0
5.74000, 26.0
5.74500, 20.0
5.75000, 23.0
5.75500, 25.0
5.76000, 21.0
5.76500, 21.0
5.77000, 18.0
5.77500, 18.0
5.78000, 20.0
5.78500, 19.0
5.79000, 20.0
5.79500, 19.0
5.80000, 21.0
5.80500, 23.0
5.81000, 24.0
5.81500, 19.0
5.82000, 19.0
5.82500, 19.0
5.83000, 19.0
5.83500, 22.0
5.84000, 24.0
5.84500, 25.0
5.85000, 20.0
5.85500, 18.0
5.86000, 16.0
5.86500, 20.0
5.87000, 22.0
5.87500, 16.0
5.88000, 16.0
5.88500, 20.0
5.89000, 21.0
5.89500, 24.0
5.90000, 22.0
5.90500, 24.0
5.91000, 21.0
5.91500, 15.0
5.92000, 20.0
5.92500, 21.0
5.93000, 19.0
5.93500, 22.0
5.94000, 25.0
5.94500, 22.0
5.95000, 18.0
5.95500, 21.0
5.96000, 16.0
5.96500, 13.0
5.97000, 21.0
5.97500, 25.0
5.98000, 20.0
5.98500, 19.0
5.99000, 23.0
5.99500, 22.0
6.00000, 15.0
6.00500, 16.0
6.01000, 23.0
6.01500, 23.0
6.02000, 21.0
6.02500, 21.0
6.03000, 21.0
6.03500, 20.0
6.04000, 21.0
6.04500, 23.0
6.05000, 20.0
6.05500, 17.0
6.06000, 16.0
6.06500, 19.0
6.07000, 20.0
6.07500, 18.0
6.08000, 18.0
6.08500, 18.0
6.09000, 19.0
6.09500, 18.0
6.10000, 16.0
6.10500, 15.0
6.11000, 12.0
6.11500, 16.0
6.12000, 18.0
6.12500, 15.0
6.13000, 18.0
6.13500, 15.0
6.14000, 13.0
6.14500, 19.0
6.15000, 22.0
6.15500, 17.0
6.16000, 16.0
6.16500, 17.0
6.17000, 18.0
6.17500, 21.0
6.18000, 20.0
6.18500, 21.0
6.19000, 17.0
6.19500, 11.0
6.20000, 16.0
6.20500, 16.0
6.21000, 14.0
6.21500, 18.0
6.22000, 22.0
6.22500, 23.0
6.23000, 23.0
6.23500, 23.0
6.24000, 21.0
6.24500, 16.0
6.25000, 15.0
6.25500, 13.0
6.26000, 16.0
6.26500, 20.0
6.27000, 22.0
6.27500, 18.0
6.28000, 13.0
6.28500, 16.0
6.29000, 16.0
6.29500, 12.0
6.30000, 16.0
6.30500, 18.0
6.31000, 15.0
6.31500, 15.0
6.32000, 19.0
6.32500, 19.0
6.33000, 16.0
6.33500, 14.0
6.34000, 16.0
6.34500, 20.0
6.35000, 17.0
6.35500, 15.0
6.36000, 11.0
6.36500, 14.0
6.37000, 17.0
6.37500, 19.0
6.38000, 24.0
6.38500, 20.0
6.39000, 13.0
6.39500, 15.0
6.40000, 19.0
6.40500, 18.0
6.41000, 14.0
6.41500, 15.0
6.42000, 20.0
6.42500, 21.0
6.43000, 16.0
6.43500, 16.0
6.44000, 19.0
6.44500, 12.0
6.45000, 10.0
6.45500, 13.0
6.46000, 12.0
6.46500, 13.0
6.47000, 13.0
6.47500, 16.0
6.48000, 19.0
6.48500, 18.0
6.49000, 13.0
6.49500, 11.0
6.50000, 13.0
6.50500, 15.0
6.51000, 16.0
6.51500, 21.0
6.52000, 17.0
6.52500, 15.0
6.53000, 18.0
6.53500, 18.0
6.54000, 15.0
6.54500, 16.0
6.55000, 19.0
6.55500, 23.0
6.56000, 24.0
6.56500, 18.0
6.57000, 16.0
6.57500, 15.0
6.58000, 13.0
6.58500, 13.0
6.59000, 16.0
6.59500, 15.0
6.60000, 11.0
6.60500, 11.0
6.61000, 14.0
6.61500, 16.0
6.62000, 19.0
6.62500, 17.0
6.63000, 13.0
6.63500, 13.0
6.64000, 12.0
6.64500, 14.0
6.65000, 17.0
6.65500, 17.0
6.66000, 13.0
6.66500, 16.0
6.67000, 14.0
6.67500, 12.0
6.68000, 16.0
6.68500, 16.0
6.69000, 16.0
6.69500, 16.0
6.70000, 16.0
6.70500, 14.0
6.71000, 16.0
6.71500, 14.0
6.72000, 15.0
6.72500, 12.0
6.73000, 14.0
6.73500, 16.0
6.74000, 15.0
6.74500, 15.0
6.75000, 14.0
6.75500, 12.0
6.76000, 12.0
6.76500, 13.0
6.77000, 13.0
6.77500, 17.0
6.78000, 15.0
6.78500, 13.0
6.79000, 17.0
6.79500, 18.0
6.80000, 19.0
6.80500, 17.0
6.81000, 13.0
6.81500, 15.0
6.82000, 18.0
6.82500, 16.0
6.83000, 12.0
6.83500, 11.0
6.84000, 13.0
6.84500, 16.0
6.85000, 16.0
6.85500, 14.0
6.86000, 14.0
6.86500, 14.0
6.87000, 12.0
6.87500, 11.0
6.88000, 11.0
6.88500, 13.0
6.89000, 13.0
6.89500, 11.0
6.90000, 13.0
6.90500, 13.0
6.91000, 11.0
6.91500, 8.0
6.92000, 10.0
6.92500, 12.0
6.93000, 12.0
6.93500, 11.0
6.94000, 12.0
6.94500, 14.0
6.95000, 12.0
6.95500, 12.0
6.96000, 10.0
6.96500, 11.0
6.97000, 14.0
6.97500, 22.0
6.98000, 24.0
6.98500, 17.0
6.99000, 10.0
6.99500, 10.0
7.00000, 13.0
7.00500, 19.0
7.01000, 14.0
7.01500, 12.0
7.02000, 14.0
7.02500, 13.0
7.03000, 13.0
7.03500, 16.0
7.04000, 19.0
7.04500, 12.0
7.05000, 10.0
7.05500, 16.0
7.06000, 16.0
7.06500, 12.0
7.07000, 13.0
7.07500, 11.0
7.08000, 12.0
7.08500, 18.0
7.09000, 17.0
7.09500, 10.0
7.10000, 12.0
7.10500, 10.0
7.11000, 8.0
7.11500, 10.0
7.12000, 12.0
7.12500, 13.0
7.13000, 13.0
7.13500, 10.0
7.14000, 10.0
7.14500, 9.0
7.15000, 10.0
7.15500, 12.0
7.16000, 11.0
7.16500, 10.0
7.17000, 9.0
7.17500, 11.0
7.18000, 11.0
7.18500, 14.0
7.19000, 16.0
7.19500, 14.0
7.20000, 15.0
7.20500, 15.0
7.21000, 13.0
7.21500, 11.0
7.22000, 10.0
7.22500, 9.0
7.23000, 10.0
7.23500, 11.0
7.24000, 12.0
7.24500, 13.0
7.25000, 15.0
7.25500, 16.0
7.26000, 13.0
7.26500, 13.0
7.27000, 14.0
7.27500, 11.0
7.28000, 12.0
7.28500, 14.0
7.29000, 13.0
7.29500, 16.0
7.30000, 12.0
7.30500, 12.0
7.31000, 11.0
7.31500, 6.0
7.32000, 9.0
7.32500, 13.0
7.33000, 11.0
7.33500, 11.0
7.34000, 15.0
7.34500, 14.0
7.35000, 12.0
7.35500, 14.0
7.36000, 11.0
7.36500, 10.0
7.37000, 8.0
7.37500, 10.0
7.38000, 10.0
7.38500, 13.0
7.39000, 15.0
7.39500, 14.0
7.40000, 10.0
7.40500, 9.0
7.41000, 12.0
7.41500, 13.0
7.42000, 11.0
7.42500, 11.0
7.43000, 12.0
7.43500, 9.0
7.44000, 15.0
7.44500, 14.0
7.45000, 12.0
7.45500, 11.0
7.46000, 8.0
7.46500, 9.0
7.47000, 12.0
7.47500, 10.0
7.48000, 11.0
7.48500, 12.0
7.49000, 18.0
7.49500, 18.0
7.50000, 7.0
7.50500, 9.0
7.51000, 10.0
7.51500, 9.0
7.52000, 10.0
7.52500, 12.0
7.53000, 13.0
7.53500, 12.0
7.54000, 8.0
7.54500, 9.0
7.55000, 11.0
7.55500, 15.0
7.56000, 15.0
7.56500, 8.0
7.57000, 9.0
7.57500, 8.0
7.58000, 9.0
7.58500, 10.0
7.59000, 9.0
7.59500, 13.0
7.60000, 12.0
7.60500, 8.0
7.61000, 8.0
7.61500, 8.0
7.62000, 8.0
7.62500, 8.0
7.63000, 11.0
7.63500, 8.0
7.64000, 7.0
7.64500, 13.0
7.65000, 11.0
7.65500, 14.0
7.66000, 14.0
7.66500, 9.0
7.67000, 10.0
7.67500, 13.0
7.68000, 11.0
7.68500, 9.0
7.69000, 13.0
7.69500, 15.0
7.70000, 15.0
7.70500, 14.0
7.71000, 11.0
7.71500, 11.0
7.72000, 10.0
7.72500, 11.0
7.73000, 13.0
7.73500, 14.0
7.74000, 14.0
7.74500, 7.0
7.75000, 6.0
7.75500, 6.0
7.76000, 6.0
7.76500, 12.0
7.77000, 15.0
7.77500, 17.0
7.78000, 15.0
7.78500, 10.0
7.79000, 10.0
7.79500, 7.0
7.80000, 8.0
7.80500, 11.0
7.81000, 10.0
7.81500, 9.0
7.82000, 13.0
7.82500, 13.0
7.83000, 10.0
7.83500, 9.0
7.84000, 6.0
7.84500, 10.0
7.85000, 11.0
7.85500, 7.0
7.86000, 7.0
7.86500, 8.0
7.87000, 10.0
7.87500, 10.0
7.88000, 10.0
7.88500, 12.0
7.89000, 10.0
7.89500, 9.0
7.90000, 9.0
7.90500, 9.0
7.91000, 6.0
7.91500, 9.0
7.92000, 11.0
7.92500, 10.0
7.93000, 9.0
7.93500, 10.0
7.94000, 11.0
7.94500, 13.0
7.95000, 13.0
7.95500, 9.0
7.96000, 10.0
7.96500, 6.0
7.97000, 6.0
7.97500, 8.0
7.98000, 7.0
7.98500, 6.0
7.99000, 9.0
7.99500, 7.0
8.00000, 7.0
8.00500, 8.0
8.01000, 8.0
8.01500, 10.0
8.02000, 7.0
8.02500, 7.0
8.03000, 9.0
8.03500, 12.0
8.04000, 9.0
8.04500, 8.0
8.05000, 9.0
8.05500, 13.0
8.06000, 13.0
8.06500, 14.0
8.07000, 14.0
8.07500, 12.0
8.08000, 12.0
8.08500, 4.0
8.09000, 6.0
8.09500, 7.0
8.10000, 6.0
8.10500, 9.0
8.11000, 9.0
8.11500, 8.0
8.12000, 9.0
8.12500, 5.0
8.13000, 6.0
8.13500, 9.0
8.14000, 10.0
8.14500, 9.0
8.15000, 9.0
8.15500, 11.0
8.16000, 11.0
8.16500, 8.0
8.17000, 6.0
8.17500, 7.0
8.18000, 7.0
8.18500, 8.0
8.19000, 8.0
8.19500, 10.0
8.20000, 9.0
8.20500, 7.0
8.21000, 6.0
8.21500, 11.0
8.22000, 14.0
8.22500, 10.0
8.23000, 6.0
8.23500, 9.0
8.24000, 6.0
8.24500, 4.0
8.25000, 6.0
8.25500, 9.0
8.26000, 12.0
8.26500, 9.0
8.27000, 7.0
8.27500, 5.0
8.28000, 12.0
8.28500, 13.0
8.29000, 8.0
8.29500, 7.0
8.30000, 8.0
8.30500, 9.0
8.31000, 7.0
8.31500, 5.0
8.32000, 7.0
8.32500, 11.0
8.33000, 15.0
8.33500, 15.0
8.34000, 12.0
8.34500, 10.0
8.35000, 11.0
8.35500, 13.0
8.36000, 8.0
8.36500, 8.0
8.37000, 8.0
8.37500, 6.0
8.38000, 7.0
8.38500, 6.0
8.39000, 7.0
8.39500, 7.0
8.40000, 4.0
8.40500, 4.0
8.41000, 6.0
8.41500, 5.0
8.42000, 6.0
8.42500, 11.0
8.43000, 9.0
8.43500, 5.0
8.44000, 8.0
8.44500, 7.0
8.45000, 10.0
8.45500, 8.0
8.46000, 9.0
8.46500, 12.0
8.47000, 11.0
8.47500, 9.0
8.48000, 8.0
8.48500, 6.0
8.49000, 5.0
8.49500, 6.0
8.50000, 7.0
8.50500, 8.0
8.51000, 9.0
8.51500, 8.0
8.52000, 8.0
8.52500, 6.0
8.53000, 7.0
8.53500, 7.0
8.54000, 9.0
8.54500, 9.0
8.55000, 6.0
8.55500, 7.0
8.56000, 6.0
8.56500, 7.0
8.57000, 9.0
8.57500, 8.0
8.58000, 5.0
8.58500, 5.0
8.59000, 5.0
8.59500, 6.0
8.60000, 7.0
8.60500, 6.0
8.61000, 5.0
8.61500, 6.0
8.62000, 7.0
8.62500, 6.0
8.63000, 8.0
8.63500, 9.0
8.64000, 8.0
8.64500, 6.0
8.65000, 5.0
8.65500, 8.0
8.66000, 8.0
8.66500, 9.0
8.67000, 8.0
8.67500, 8.0
8.68000, 8.0
8.68500, 3.0
8.69000, 4.0
8.69500, 6.0
8.70000, 7.0
8.70500, 4.0
8.71000, 2.0
8.71500, 5.0
8.72000, 7.0
8.72500, 9.0
8.73000, 6.0
8.73500, 5.0
8.74000, 8.0
8.74500, 8.0
8.75000, 9.0
8.75500, 8.0
8.76000, 4.0
8.76500, 6.0
8.77000, 11.0
8.77500, 9.0
8.78000, 6.0
8.78500, 6.0
8.79000, 3.0
8.79500, 4.0
8.80000, 5.0
8.80500, 6.0
8.81000, 5.0
8.81500, 4.0
8.82000, 6.0
8.82500, 7.0
8.83000, 6.0
8.83500, 6.0
8.84000, 6.0
8.84500, 5.0
8.85000, 9.0
8.85500, 7.0
8.86000, 5.0
8.86500, 6.0
8.87000, 6.0
8.87500, 10.0
8.88000, 9.0
8.88500, 9.0
8.89000, 6.0
8.89500, 3.0
8.90000, 5.0
8.90500, 7.0
8.91000, 5.0
8.91500, 7.0
8.92000, 11.0
8.92500, 8.0
8.93000, 5.0
8.93500, 2.0
8.94000, 5.0
8.94500, 3.0
8.95000, 6.0
8.95500, 6.0
8.96000, 3.0
8.96500, 4.0
8.97000, 8.0
8.97500, 6.0
8.98000, 4.0
8.98500, 3.0
8.99000, 4.0
8.99500, 5.0
9.00000, 6.0
9.00500, 5.0
9.01000, 5.0
9.01500, 3.0
9.02000, 3.0
9.02500, 6.0
9.03000, 7.0
9.03500, 7.0
9.04000, 6.0
9.04500, 8.0
9.05000, 7.0
9.05500, 9.0
9.06000, 9.0
9.06500, 6.0
9.07000, 6.0
9.07500, 6.0
9.08000, 5.0
9.08500, 7.0
9.09000, 6.0
9.09500, 4.0
9.10000, 3.0
9.10500, 7.0
9.11000, 5.0
9.11500, 4.0
9.12000, 6.0
9.12500, 7.0
9.13000, 2.0
9.13500, 3.0
9.14000, 4.0
9.14500, 4.0
9.15000, 5.0
9.15500, 5.0
9.16000, 6.0
9.16500, 4.0
9.17000, 4.0
9.17500, 6.0
9.18000, 3.0
9.18500, 2.0
9.19000, 3.0
9.19500, 4.0
9.20000, 4.0
9.20500, 4.0
9.21000, 4.0
9.21500, 5.0
9.22000, 5.0
9.22500, 6.0
9.23000, 6.0
9.23500, 4.0
9.24000, 1.0
9.24500, 2.0
9.25000, 4.0
9.25500, 6.0
9.26000, 7.0
9.26500, 4.0
9.27000, 5.0
9.27500, 5.0
9.28000, 4.0
9.28500, 4.0
9.29000, 5.0
9.29500, 6.0
9.30000, 7.0
9.30500, 6.0
9.31000, 6.0
9.31500, 6.0
9.32000, 4.0
9.32500, 2.0
9.33000, 3.0
9.33500, 5.0
9.34000, 4.0
9.34500, 3.0
9.35000, 5.0
9.35500, 6.0
9.36000, 2.0
9.36500, 1.0
9.37000, 5.0
9.37500, 7.0
9.38000, 6.0
9.38500, 4.0
9.39000, 2.0
9.39500, 5.0
9.40000, 5.0
9.40500, 4.0
9.41000, 3.0
9.41500, 4.0
9.42000, 5.0
9.42500, 2.0
9.43000, 2.0
9.43500, 5.0
9.44000, 6.0
9.44500, 6.0
9.45000, 3.0
9.45500, 3.0
9.46000, 3.0
9.46500, 1.0
9.47000, 3.0
9.47500, 4.0
9.48000, 3.0
9.48500, 3.0
9.49000, 3.0
9.49500, 0.0
9.50000, 2.0
9.50500, 3.0
9.51000, 4.0
9.51500, 6.0
9.52000, 4.0
9.52500, 4.0
9.53000, 2.0
9.53500, 5.0
9.54000, 7.0
9.54500, 2.0
9.55000, 5.0
9.55500, 5.0
9.56000, 4.0
9.56500, 3.0
9.57000, 3.0
9.57500, 2.0
9.58000, 2.0
9.58500, 3.0
9.59000, 2.0
9.59500, 2.0
9.60000, 1.0
9.60500, 3.0
9.61000, 3.0
9.61500, 4.0
9.62000, 4.0
9.62500, 3.0
9.63000, 4.0
9.63500, 4.0
9.64000, 3.0
9.64500, 2.0
9.65000, 2.0
9.65500, 4.0
9.66000, 4.0
9.66500, 3.0
9.67000, 3.0
9.67500, 3.0
9.68000, 5.0
9.68500, 5.0
9.69000, 2.0
9.69500, 3.0
9.70000, 3.0
9.70500, 3.0
9.71000, 1.0
9.71500, 2.0
9.72000, 3.0
9.72500, 1.0
9.73000, 2.0
9.73500, 7.0
9.74000, 7.0
9.74500, 5.0
9.75000, 2.0
9.75500, 3.0
9.76000, 2.0
9.76500, 1.0
9.77000, 2.0
9.77500, 3.0
9.78000, 2.0
9.78500, 2.0
9.79000, 1.0
9.79500, 0.0
9.80000, 1.0
9.80500, 2.0
9.81000, 2.0
9.81500, 2.0
9.82000, 2.0
9.82500, 1.0
9.83000, 1.0
9.83500, 1.0
9.84000, 0.0
9.84500, 1.0
9.85000, 1.0
9.85500, 0.0
9.86000, 0.0
9.86500, 1.0
9.87000, 2.0
9.87500, 2.0
9.88000, 1.0
9.88500, 0.0
9.89000, 1.0
9.89500, 0.0
9.90000, 0.0
9.90500, 1.0
9.91000, 0.0
9.91500, 1.0
9.92000, 0.0
9.92500, 0.0
9.93000, 0.0
9.93500, 1.0
9.94000, 1.0
9.94500, 0.0
9.95000, 0.0
9.95500, 0.0
9.96000, 0.0
9.96500, 0.0
9.97000, 0.0
9.97500, 0.0
9.98000, 0.0
9.98500, 0.0
9.99000, 0.0
9.99500, 0.0
10.00000, 0.0
10.00500, 0.0
10.01000, 0.0
10.01500, 0.0
10.02000, 0.0
10.02500, 0.0
10.03000, 0.0
10.03500, 0.0
10.04000, 0.0
10.04500, 1.0
10.05000, 0.0
10.05500, 0.0
10.06000, 0.0
10.06500, 0.0
10.07000, 0.0
10.07500, 0.0
10.08000, 0.0
10.08500, 0.0
10.09000, 0.0
10.09500, 0.0
10.10000, 0.0
10.10500, 0.0
10.11000, 0.0
10.11500, 0.0
10.12000, 0.0
10.12500, 0.0
10.13000, 0.0
10.13500, 0.0
#ENDOFDATA   : 
