007A1FS20AE075004200000NT    	
6	2643
6	3316
7	5559
2	2445
2	2790
4	7697
6	2370
2	2864
2	5691
2	5763
2	2918
6	2573
2	3746
3	4558
2	1449
6	4304
6	5198
6	4881
6	6538
4	4717
5	5851
5	3173
3	2253
4	8431
5	9172
2	3689
6	3022
5	2158
4	6391
4	5599
3	2186
3	6186
3	3343
3	6984
3	1868
4	6765
3	4961
1	8610
4	5258
6	4981
5	2414
6	4295
3	2794
3	7131
2	2673
6	3008
5	2493
6	2923
6	5072
6	1825
7	2298
2	3692
1	2976
2	3622
6	1817
3	5015
4	3837
5	2413
5	1661
2	6178
3	4144
3	4311
3	3287
5	2393
5	4246
3	3606
6	2436
6	3311
6	2748
2	1932
2	3959
4	6419
3	2616
3	3727
7	4096
5	8219
6	3168
5	2803
4	2972
2	4136
1	9990
2	3068
5	2671
1	4464
2	2900
3	2782
6	2072
1	7447
2	4630
7	2419
4	2598
5	3972
3	4268
3	1408
5	2230
3	2521
5	2205
5	1639
6	4229
5	2995
3	3809
6	2248
2	3757
3	2999
5	1737
5	2810
5	5183
5	3121
3	3583
6	4777
1	5768
1	3744
6	6173
6	1838
5	5127
7	3231
6	2565
6	2745
2	6039
1	3193
1	2185
3	4109
0	0
3	4436
3	2541
6	5344
5	1831
4	2933
2	2392
5	3506
3	2318
3	5602
3	4941
2	1938
3	2221
6	2185
3	3910
6	3515
7	2988
2	3361
1	9013
5	3644
5	5044
6	2121
1	2663
1	2698
1	2530
6	1789
6	2388
7	1903
5	2743
2	4464
2	2436
6	2074
6	3200
4	3086
010A1MS18AE066005600000NT	
2	2567
3	3075
3	2489
6	1853
5	3239
5	3464
6	3516
7	3793
3	6233
2	3172
2	1927
2	2155
4	1528
5	2208
5	6032
3	3171
3	3190
3	2948
6	1938
0	0
6	3944
2	2199
2	1937
5	3189
3	2479
3	2493
3	4451
5	1748
4	4508
5	1983
3	8127
3	3929
3	1549
4	3808
3	2997
4	5327
4	2108
3	2049
3	2589
5	2160
4	7334
4	2537
5	4049
4	2399
2	3157
5	6967
4	2413
5	2895
4	2397
4	6497
4	4869
3	6564
3	1691
3	3587
4	2318
3	3533
4	2622
5	3486
4	3500
4	2878
5	2876
4	4088
5	2579
5	9429
5	3101
3	2763
4	3734
4	6676
4	4089
4	1804
4	1812
4	5290
1	2742
1	2875
5	1881
6	4472
6	2625
5	2044
5	4871
4	3943
4	4582
5	7777
5	2436
5	1621
4	2859
5	3789
2	2240
2	7625
3	3202
5	1453
5	2848
5	1762
4	4151
5	4275
3	2501
4	3018
3	3407
4	4499
3	2635
5	5095
3	2861
5	5863
4	2990
4	2584
4	2883
3	1711
2	2612
4	3031
5	2910
4	5292
3	5413
3	1988
5	5735
5	2776
4	1676
4	3231
4	3737
4	4827
3	2740
4	4057
3	6283
3	5172
3	3772
4	2594
3	2755
5	4803
5	2841
3	1868
3	5440
5	5290
5	2705
5	2504
5	1469
3	1804
3	2129
4	4053
5	4801
5	2215
6	3246
2	5646
3	3468
4	4481
5	2814
5	3178
3	4985
4	3487
4	3372
4	2049
5	2026
5	2544
4	5219
3	2072
4	5453
5	2306
4	2316
4	3828
017A2FN34ME000000002122NV	
1	1096
1	2404
1	2293
6	4341
6	3662
6	3503
1	1448
1	2133
1	3393
6	2220
6	2128
6	4874
4	2056
5	6641
5	9840
4	5399
4	7809
5	6690
6	7394
6	7159
5	3746
2	3474
1	1507
3	5806
4	5998
1	3390
5	6981
4	4662
5	3290
5	5217
4	6770
2	6466
1	1716
2	1772
0	0
1	1668
1	2021
1	1342
5	3564
6	4639
4	4903
4	4253
5	8069
1	1221
4	1646
4	1528
4	7459
5	6826
5	2718
5	3091
3	4901
1	2961
1	3710
3	9685
5	8627
2	5125
4	5623
1	3497
1	3558
5	5153
6	7040
4	7236
5	8055
1	4378
4	8589
4	3322
5	4210
4	7541
5	6888
1	3076
0	0
4	1570
2	3086
3	3949
3	2802
2	2777
3	3600
1	5457
1	1234
0	0
2	8181
3	3131
2	3197
2	3128
1	1415
1	2360
6	2510
6	2872
6	2568
6	2181
6	3599
1	2805
1	2742
6	5619
6	2904
0	0
6	7523
1	1817
1	2140
6	5985
1	1521
1	6996
1	2088
1	1551
1	2783
1	4069
6	5706
6	2787
1	3591
1	2193
1	2141
1	6408
6	3144
6	2520
1	1998
1	1534
1	1916
6	1981
6	1725
6	2322
1	2086
1	1741
1	1616
6	2194
6	979
6	2495
1	5099
1	1398
6	5216
6	1917
6	2651
6	4812
1	1766
1	4616
1	3773
6	5831
6	2126
6	3481
1	1902
1	1161
1	3692
1	9439
6	2173
6	1801
1	4068
1	1104
1	2253
6	5184
6	4943
6	2754
1	4335
1	2108
6	2127
6	1677
6	2690
6	1741
018A2FN19AS000000002122NT	
1	1096
1	2404
1	2293
6	4341
6	3662
6	3503
1	1448
1	2133
1	3393
6	2220
6	2128
6	4874
4	2056
5	6641
5	9840
4	5399
4	7809
5	6690
6	7394
6	7159
5	3746
2	3474
1	1507
3	5806
4	5998
1	3390
5	6981
4	4662
5	3290
5	5217
4	6770
2	6466
1	1716
2	1772
0	0
1	1668
1	2021
1	1342
5	3564
6	4639
4	4903
4	4253
5	8069
1	1221
4	1646
4	1528
4	7459
5	6826
5	2718
5	3091
3	4901
1	2961
1	3710
3	9685
5	8627
2	5125
4	5623
1	3497
1	3558
5	5153
6	7040
4	7236
5	8055
1	4378
4	8589
4	3322
5	4210
4	7541
5	6888
1	3076
0	0
4	1570
2	3086
3	3949
3	2802
2	2777
3	3600
1	5457
1	1234
0	0
2	8181
3	3131
2	3197
2	3128
1	1415
1	2360
6	2510
6	2872
6	2568
6	2181
6	3599
1	2805
1	2742
6	5619
6	2904
0	0
6	7523
1	1817
1	2140
6	5985
1	1521
1	6996
1	2088
1	1551
1	2783
1	4069
6	5706
6	2787
1	3591
1	2193
1	2141
1	6408
6	3144
6	2520
1	1998
1	1534
1	1916
6	1981
6	1725
6	2322
1	2086
1	1741
1	1616
6	2194
6	979
6	2495
1	5099
1	1398
6	5216
6	1917
6	2651
6	4812
1	1766
1	4616
1	3773
6	5831
6	2126
6	3481
1	1902
1	1161
1	3692
1	9439
6	2173
6	1801
1	4068
1	1104
1	2253
6	5184
6	4943
6	2754
1	4335
1	2108
6	2127
6	1677
6	2690
6	1741
019A2FS19AE074009800000NT	
3	2257
3	2623
3	3644
6	1280
5	3418
5	1626
4	1948
5	2305
4	2245
1	1465
2	2940
2	3007
2	2708
5	3996
4	2829
3	3062
3	2850
5	3194
6	2461
6	3149
5	1948
2	1733
2	2033
2	1421
2	3405
3	4488
2	129
3	2159
4	2118
4	2926
2	1946
2	3094
3	2086
5	2395
3	1646
3	3242
2	2379
1	3006
4	2171
4	1902
4	3595
5	5833
6	1803
6	2200
5	2919
2	1571
2	3369
2	2496
3	2618
1	116
4	2932
2	2625
2	2040
2	2519
2	2799
2	139
3	3210
4	2132
5	2927
5	2565
4	3511
5	4771
4	6966
3	3717
2	2537
2	1763
2	2909
2	1873
2	3356
2	2658
2	5185
6	1972
1	1218
6	2451
5	1299
1	3177
4	2495
3	1772
4	4047
7	1638
3	2013
5	1665
2	1261
5	1737
2	6252
5	2828
3	2479
5	2549
3	2275
5	7332
7	3438
6	1829
4	2624
4	2166
1	1592
2	3195
3	2897
2	2735
4	4482
6	3208
3	2043
2	3892
2	2657
3	4241
6	1928
1	1991
3	2486
2	2624
1	3458
1	1971
5	5388
2	3224
6	2555
6	2483
2	2401
2	3252
3	2271
6	2075
6	2423
2	4741
2	2757
2	1405
3	3709
6	2265
2	1955
6	6820
6	2914
3	2419
3	1576
6	2593
3	1414
6	4461
3	1789
4	2648
2	2051
3	2311
6	3047
5	2946
2	2061
6	1814
7	2924
2	2802
1	4809
2	2303
2	4226
1	2465
3	4051
6	4050
6	2355
5	2284
2	2853
1	2038
2	2759
6	3316
6	3870
6	5552
026A1MS20AE066005500000NV	
7	6183
5	1776
6	2979
1	1772
2	2529
2	7118
2	3040
7	1707
1	3719
4	3451
2	6122
7	1868
2	2656
3	4592
5	2925
7	2145
6	2384
7	3934
6	2266
5	2462
2	5670
2	6140
1	1314
0	0
5	3297
1	1643
5	3378
6	2273
3	1558
3	2428
5	2577
5	2831
6	3635
2	1936
7	3416
5	8105
2	2947
2	1968
5	6028
6	6608
5	4133
6	3063
2	5003
1	2682
2	5428
6	3247
3	6143
6	5704
7	2961
6	5956
3	4557
2	3301
1	8385
3	2929
5	3000
4	9011
3	8725
4	2863
5	3679
4	5497
3	6061
2	3034
4	1591
2	6381
5	4924
3	4336
3	4167
3	3809
4	2094
4	3013
3	5748
3	3121
3	4228
5	3527
5	3085
3	4097
3	1078
3	3435
1	1223
1	1212
1	1688
3	1984
4	1616
2	1206
2	3557
1	2996
1	2373
2	3059
2	2763
2	2664
6	7217
5	3829
2	2284
3	2879
5	4308
2	4098
2	3734
3	2276
7	2246
7	3598
1	2031
5	2264
1	2704
2	4522
5	2869
5	3791
5	4141
2	3183
2	2579
3	4182
2	5410
2	1701
6	3762
6	3539
4	2218
5	3456
4	6321
4	2125
3	2330
4	8241
2	3841
2	2597
3	2108
4	6604
6	2689
6	2806
4	5009
5	2155
5	3567
3	3709
3	3883
2	2882
2	2746
6	7422
3	5266
5	2224
2	2556
5	1955
2	4358
6	2918
5	3715
4	4986
2	3685
2	2002
2	1935
3	2139
2	5348
7	2670
5	3364
5	4130
5	2923
3	2038
3	6044
3	2803
4	7234
3	5183
029A1FS18AE054006500000NV	
3	5075
2	4331
2	2033
6	2406
5	2737
5	2895
7	3290
7	3253
4	286
1	2259
1	2921
3	1928
1	2576
1	3833
1	1257
7	3345
2	2312
6	4436
5	2487
6	7816
6	8534
1	2057
1	4133
3	6631
1	1614
7	3178
7	4006
1	2093
1	2555
2	7572
4	3354
4	3046
5	1547
1	3845
4	2205
5	2929
1	1879
1	3044
5	6842
6	5775
6	4250
6	4261
0	0
2	2809
3	4677
6	1603
5	2853
5	3363
5	3836
6	2082
6	3161
5	2554
5	3369
2	3857
4	5146
2	2993
3	2807
4	2575
4	6061
4	2417
5	3769
4	7959
6	2514
6	1885
2	5080
5	3220
6	2545
5	5762
6	2286
6	2193
2	2161
1	5702
6	5207
3	2793
1	2673
6	3615
4	66
4	3526
7	2802
6	5355
5	8562
4	2660
6	1687
6	2195
2	3929
2	2527
2	2503
2	6063
3	4373
5	1788
4	2588
5	4662
3	5064
3	3687
3	3610
4	3362
1	2097
3	4187
6	3979
5	7682
6	2759
3	4601
1	3443
2	2291
0	0
2	4709
4	4345
4	3143
4	2399
4	3813
1	4882
2	6810
4	3285
4	5287
5	6508
6	2641
6	4211
7	2115
2	3268
1	2691
2	3583
1	5283
2	2555
3	3330
5	1881
4	2895
5	7451
5	3697
4	6897
4	2347
3	4667
2	2394
3	2478
2	4085
1	5391
3	4618
5	7982
6	4327
6	4292
4	5186
4	3635
5	4422
2	2641
3	5618
1	2205
1	1869
1	3055
7	2234
7	3472
6	4327
7	2852
7	3369
7	2188
2	3322
1	3907
1	4558
031A1FN18AE000000002112NV	
5	2133
7	2217
1	5245
1	1582
4	2321
5	2440
4	1111
5	2011
2	1248
4	1957
4	1107
6	1802
6	719
5	1890
7	2889
4	639
4	1339
4	1589
7	909
5	1286
6	1812
7	1788
5	1299
4	1982
1	1325
4	1800
4	2446
5	2221
7	2472
5	1156
1	2744
4	1361
5	1572
1	2858
4	8638
4	991
4	1339
2	2238
5	3191
7	1189
7	1500
7	2428
4	1263
4	4242
4	1294
7	850
6	2453
0	0
7	5262
5	1172
5	1234
3	1342
4	3375
2	4861
7	4148
6	1522
5	2387
4	901
7	2301
2	3126
6	785
4	1667
4	2855
4	2520
6	1530
4	8092
6	4323
5	1075
7	3539
4	1570
3	2384
3	1608
6	861
7	993
5	1775
5	952
4	1426
4	5301
2	1232
1	1393
3	3874
4	1654
6	2025
4	3160
2	1194
6	1902
6	3049
1	4495
2	2561
6	1316
5	2382
5	1914
4	2516
6	3422
3	3052
5	2958
4	2584
4	2373
4	3788
7	2215
2	4107
6	1232
6	2384
4	3741
1	2064
1	2264
4	1980
6	1749
7	4532
1	170
1	2649
1	4346
6	4633
7	3812
6	1870
7	3342
7	2177
3	2088
6	2561
1	1947
7	1037
1	3456
1	3752
2	4656
6	2636
7	1345
5	2892
6	2923
4	3435
1	3986
6	7265
1	2439
4	7096
1	7007
0	0
2	2811
6	1572
7	3980
6	3084
4	5375
4	2336
2	4144
2	5173
3	2032
1	4135
1	2907
2	2963
6	1719
5	3871
5	3224
3	1553
3	2785
3	1059
6	1694
4	2981
6	1665
032A1FS18AS075007700000NT	
3	3734
2	2600
3	3161
6	1422
2	2319
3	2114
2	3872
6	4374
4	3173
3	2793
3	3184
4	1931
3	2586
3	2167
6	3893
3	2270
1	2563
3	1706
6	1963
4	3228
6	2283
1	2542
1	2002
1	2063
3	3101
3	3986
6	2932
4	2871
3	3626
2	2284
3	3330
4	1891
3	1745
3	1171
3	2230
3	1275
2	3346
2	3796
4	3117
4	2063
3	3050
3	2412
2	154
1	2619
2	3376
3	2321
3	3137
3	2055
3	1923
6	4510
3	3787
3	5033
1	1758
1	2735
3	2971
2	2710
4	1750
5	2709
4	4004
3	3616
2	3225
2	2279
2	4241
3	893
4	2296
3	2549
3	2210
4	2158
2	2028
2	2069
2	2028
2	2369
2	2500
1	1440
5	6362
2	7517
4	4859
5	1328
4	6758
2	2847
6	5574
5	2786
6	3639
5	5600
2	2588
2	2833
1	2395
1	1834
4	3031
3	787
3	1578
3	1349
2	1817
3	3435
2	2502
2	2338
2	1900
2	3309
2	1325
7	2526
6	3242
1	2556
2	2300
1	1960
4	1824
1	4433
1	3187
3	4212
4	2238
4	3298
1	2496
1	2940
5	1946
5	3617
5	2663
1	1952
1	2174
7	2773
2	2230
2	3380
1	1464
3	1716
2	893
2	1882
3	1594
4	4131
4	2382
2	1040
3	2890
1	2737
2	1642
2	2404
3	4096
1	2653
1	2505
3	2247
4	3990
5	4943
5	1854
2	2412
3	4026
2	2131
4	1263
3	1320
1	1989
1	1913
1	3420
5	1857
3	3071
4	5082
2	2812
1	137
5	2036
5	2614
5	2636
4	3261
033A1FS18AE065009900000NT	
5	4924
4	5057
7	2706
3	3971
2	4667
4	3698
5	1857
3	6201
1	3211
2	3267
2	3319
6	1892
3	1783
4	1859
3	1932
3	3293
4	4207
7	2972
4	2756
4	1801
4	9493
4	1878
2	3031
6	2015
5	2484
4	2510
3	6853
3	2962
2	1647
5	2952
3	3015
4	6351
4	1386
4	1795
4	1181
5	1572
1	2503
1	1071
5	2416
6	1264
6	5146
3	2640
1	1331
2	6723
6	2540
4	2421
5	3312
4	1104
5	1076
7	1824
6	2419
1	1509
1	1441
6	4341
5	1789
4	7427
4	1825
0	0
3	818
2	2293
4	1469
3	1359
3	2051
4	2142
4	2765
5	5372
4	1272
6	1678
5	3260
1	1741
2	1211
3	4014
5	1797
7	5106
5	2099
5	1123
5	750
4	1626
1	788
1	940
1	694
3	2093
5	5413
1	863
4	3884
4	5282
6	2595
5	7818
1	2445
7	1859
4	2687
3	1735
3	5961
2	1245
7	2266
2	2217
4	3002
3	2668
4	2171
6	3527
1	1772
6	2341
1	1579
2	2246
5	2802
3	5057
4	9264
4	4791
3	2486
3	1898
1	2519
1	1795
4	3489
6	2515
6	2131
7	2005
6	3579
5	2333
4	8495
2	2454
2	1824
2	2821
2	2326
6	4950
2	2745
3	2471
3	2037
3	2052
2	2132
3	2257
5	2747
4	1837
0	0
1	1903
1	3020
6	2699
5	5457
6	1711
6	3954
2	2962
1	4109
5	3749
5	2977
5	4578
3	2032
1	2038
5	4067
3	4388
5	3439
5	2461
4	1879
4	2502
6	1582
4	4737
5	2805
4	2892
034A1MS18AS078008900000NT	
4	1331
4	1996
2	3337
2	1883
4	4103
3	3611
2	14
3	1210
3	4048
2	1300
1	1440
2	1793
1	4948
2	1792
2	1765
4	2817
4	2026
4	1222
5	1719
4	3739
2	2199
1	2043
2	3666
4	2321
4	3495
1	1307
2	1476
4	4418
4	1856
4	2281
2	1218
3	799
2	1800
2	2623
2	3246
2	1628
2	1744
3	2166
2	3914
3	1937
2	1059
2	1020
4	1902
4	5140
2	2014
3	3969
4	3181
4	2426
4	1361
4	2346
5	2980
3	5528
2	4678
3	2479
3	1511
1	2009
2	2255
4	2557
4	2619
2	2033
3	2717
3	2496
3	3246
3	2086
3	1501
2	3213
4	3004
4	1913
3	4024
4	1690
2	2028
3	1319
4	3300
6	1483
5	1374
1	2127
2	3511
4	2250
3	1900
3	1579
2	1741
5	1685
4	3227
3	2581
2	2908
4	1934
1	1583
5	2887
2	2357
5	1946
3	2711
3	3137
3	3963
4	3292
2	2161
4	2383
2	2851
3	2199
1	4080
5	3025
5	3926
6	1703
2	3026
2	2663
2	3713
2	1783
1	2701
4	2784
5	2110
5	2643
2	4377
3	2393
5	2992
5	4648
3	2716
5	3532
3	2571
2	2691
3	2344
4	1533
3	2843
2	2917
3	2952
1	3148
3	1753
5	1956
6	2631
3	2458
4	2378
4	2034
3	2192
2	2504
2	3763
2	2448
2	2454
1	4086
4	2091
5	4529
6	2917
4	3323
3	4321
3	2331
4	2325
3	2647
2	2205
3	1559
2	3085
5	2008
4	1977
4	2804
2	2704
3	3630
2	3924
2	2401
3	2623
4	2058
037A1MN22AE000000002112NV	
6	4406
6	4291
4	3648
4	2623
3	3084
6	4612
6	2942
6	1159
4	3474
2	1753
1	8708
6	1927
6	5067
4	3327
7	2386
2	2098
1	2059
4	2122
4	2696
5	4462
6	4073
2	1354
2	2186
4	1688
2	1709
2	2209
2	3253
4	2342
4	1701
4	2029
4	1194
4	2311
4	2009
4	1884
2	1474
4	1500
4	1079
2	5699
2	1669
6	2023
4	3851
5	2769
4	2617
2	4580
2	1902
6	1493
4	1762
4	2505
4	3346
6	1981
5	5489
4	1247
2	1542
4	1662
5	2226
4	5295
4	5700
4	2692
4	1778
4	1414
4	4375
4	3871
4	1134
2	2859
4	2942
4	1488
5	1527
6	2192
4	2669
2	2611
2	1748
4	4068
3	1469
4	1840
4	880
4	910
3	1189
4	1132
3	1217
2	3065
3	936
4	2109
4	2335
3	4983
3	3799
4	2583
5	3031
2	2504
4	3878
6	1344
6	1923
6	3478
6	8492
3	6630
5	1821
6	1516
4	3536
4	2252
6	2452
6	2619
2	5415
6	1527
4	2388
4	2157
2	2315
3	1966
3	2964
6	1646
6	2434
6	2299
2	2354
2	3285
6	1513
6	1497
6	1628
6	2359
6	3407
2	5255
6	2126
2	2095
4	3296
3	2602
2	2481
4	2535
4	2219
6	2818
4	3325
6	2796
6	2036
3	2109
4	2496
4	1606
5	3818
6	4911
3	3242
2	1996
6	1678
5	3098
4	2331
6	2293
4	5787
5	3310
6	3818
4	2545
5	3097
5	2491
3	2224
6	1319
6	1658
6	9310
6	3866
6	1977
3	1862
6	1608
4	2256
4	3753
038A1FS17YE078009900000NT	
6	1974
4	3646
6	1327
4	1147
5	3300
3	1696
3	3476
5	1276
5	8003
3	177
5	1725
5	2059
5	1570
4	1204
3	3969
5	2636
5	3629
5	3653
6	3792
6	1176
4	3234
4	2989
3	5625
3	1053
4	1796
4	3794
2	3557
5	2865
5	4428
4	2182
4	3775
4	6214
4	3057
3	1608
4	1521
4	4684
3	2148
3	3845
3	1043
5	1876
5	259
4	2324
5	2096
5	4461
6	2063
4	1751
6	1925
4	4154
6	4119
4	1397
5	6362
5	828
6	2119
5	2926
4	2915
4	4074
3	3414
3	2100
4	5014
4	1488
5	4414
6	2515
4	3367
3	4033
4	4848
2	4470
5	2791
3	5636
5	1168
6	3335
4	1821
4	1743
4	1261
6	2233
5	6051
3	1315
5	1486
4	1520
3	6358
2	1923
3	2918
3	1579
4	2117
3	1681
5	3516
5	2242
6	1487
4	3799
5	6335
6	968
3	2982
5	4087
3	2822
5	1918
2	2414
5	2618
3	1638
4	2611
6	2920
5	1152
5	6127
4	2429
3	7034
4	1105
2	2501
4	3533
4	1633
4	6417
3	1536
5	1589
3	2796
2	1523
6	4872
5	1668
5	2495
6	3126
6	2763
5	6256
4	4411
5	1859
3	1217
2	3232
2	2421
6	2353
2	2780
6	1966
6	2113
2	3420
3	1909
4	2966
5	4876
2	2082
6	1780
3	1894
3	3379
6	203
5	4258
6	8394
5	1967
3	2927
3	4084
5	2502
3	2915
5	4969
4	2795
3	6036
3	4590
5	1892
3	2103
5	1969
4	148
3	2640
4	3475
4	1611
5	3906
4	1410
040A2FS18AE095009500000NT	
7	5562
5	4182
4	1640
2	2467
1	2212
3	2060
6	4833
2	1482
3	1609
2	6985
2	2494
3	2125
2	3308
3	1039
1	2397
7	6884
5	4619
4	3736
7	1656
7	3110
1	2290
1	2059
1	3445
1	2364
3	3960
1	1628
3	3319
3	2647
5	2277
3	2486
2	2937
5	2238
2	1864
3	2976
1	5115
4	2839
5	3595
1	2425
5	2240
3	1633
6	4697
4	3075
7	2067
7	1988
7	1973
7	2874
1	1739
0	0
3	964
2	1525
5	3232
3	2661
3	1957
3	3060
3	2633
4	4237
3	1748
5	2415
3	2907
3	1486
3	1897
3	1463
3	3175
1	1750
2	3143
3	1901
4	5013
4	2439
5	1244
1	1475
2	1478
2	1774
2	1578
5	2409
7	2612
1	2604
6	5763
3	3447
2	3190
7	2845
3	2441
3	1618
4	4902
2	3132
3	3045
2	3007
3	3296
6	3638
3	1800
3	2438
7	1468
7	3239
7	2799
3	4847
1	1941
1	4586
6	2873
5	5966
5	3007
7	2568
1	2626
4	3340
2	3310
2	2299
2	4508
6	3355
5	5626
2	1309
2	2501
1	2236
2	4496
3	3768
3	3043
2	2916
1	2741
2	3526
3	1801
4	2104
5	3613
5	6989
2	6023
1	3437
1	5085
5	4057
5	5796
3	2705
6	4016
7	1803
7	4046
1	2993
1	3537
0	0
2	2306
1	2626
3	1496
3	3845
6	2207
3	2367
7	2283
7	2857
7	2334
7	7138
1	1745
1	1913
1	1733
3	2374
2	3275
4	6478
3	1579
3	3301
3	3703
2	2332
3	5682
3	5071
3	3667
3	2731
041A1MS20AE105006200000NV	
5	3517
7	4530
6	2147
6	3982
2	5478
1	2760
5	3574
6	4008
5	1967
1	2037
3	2967
5	1359
1	1670
5	2358
2	2463
1	2123
6	2233
3	2627
5	2569
3	2813
2	1873
4	4006
5	2832
5	1708
2	3351
4	2994
2	2424
4	1955
3	4509
4	2539
2	2767
2	1837
1	1593
5	3268
3	4145
2	1511
2	2114
2	2048
5	1389
5	3231
5	2186
6	2248
2	4873
3	3885
5	1715
5	1446
4	4145
5	1486
3	3001
5	4341
6	4732
2	3604
1	4033
1	1195
6	2182
6	2293
4	2697
4	1791
5	2188
3	5277
6	2481
5	2250
5	1135
4	5440
5	2315
5	3743
5	3491
6	3177
6	5636
2	2749
1	1562
1	1751
5	1681
5	2116
7	4454
5	1621
3	4125
3	4309
2	1357
4	3212
2	1823
4	2054
5	1409
1	1459
2	3813
5	1804
3	2966
2	1918
1	3111
6	4534
4	4777
4	4300
2	3183
4	1900
5	3278
3	4207
3	3770
2	5994
6	3590
6	2852
1	1648
6	2013
4	3968
5	3717
3	3545
5	3165
2	1956
5	1834
3	1831
5	2409
2	7836
3	6811
5	1953
4	1724
5	3617
6	3722
7	1802
1	3309
5	2505
2	4183
1	2779
1	6414
2	2332
4	2095
5	2820
3	5629
4	3450
1	2095
4	3913
2	1648
3	2174
3	4766
2	3245
1	1579
1	1879
1	1546
6	1686
6	1998
6	2047
4	3861
2	3480
2	2208
5	2619
4	3219
2	3579
4	2318
2	2783
6	2715
3	2105
4	2421
2	2869
6	2146
1	1236
2	1689
1	1946
1	2292
042A1MS22AE067007800000NV	
3	2405
3	2823
3	2153
5	4327
4	1409
4	4512
3	4359
3	3209
4	1972
4	2731
4	3371
4	6198
4	7783
4	5514
5	3625
4	3986
3	2678
2	3355
5	1839
4	2693
4	3986
2	4541
2	5717
4	2404
4	2693
3	4801
3	2341
4	1829
5	2721
4	4290
3	1397
4	6303
3	3807
4	2142
4	1708
3	3230
2	5911
3	8151
3	5630
5	7413
4	1322
4	2570
4	5388
2	4783
5	1348
4	2439
5	5418
5	1901
5	4078
5	1850
4	3117
2	2874
3	3714
3	3620
4	2435
5	5700
5	2899
3	2567
3	3276
3	7449
5	1746
4	2671
5	1390
3	4756
3	7214
3	3674
5	4483
5	3973
4	2440
3	3351
5	5267
3	3843
4	1542
3	1626
4	2418
4	1371
4	1505
4	1541
3	2541
3	1413
5	2453
5	3412
3	4338
4	4118
3	3318
4	4237
5	2713
5	5367
4	2486
5	2519
2	4332
3	2317
3	4775
3	2527
3	3341
3	2056
3	3289
4	3263
5	3481
2	3232
3	5233
4	3016
3	2897
3	3801
4	2354
3	3114
4	4010
3	2301
3	3781
4	4198
4	4410
3	3019
5	3246
5	2272
4	2790
5	3050
3	3948
3	2131
2	3437
2	4233
3	2477
4	2798
3	2124
3	2598
3	2327
3	4615
4	2171
5	2711
3	4686
3	4130
4	2325
3	3093
2	3026
4	2053
4	1745
0	0
4	1992
4	2703
4	3065
4	2434
4	2566
3	2892
3	4463
4	2349
2	2801
4	3345
3	4092
4	3096
5	2304
5	2118
4	4086
3	3453
4	3600
3	3770
3	5100
3	2808
044A2FS20AE086005400000NV	
6	2472
6	2645
3	2242
1	3077
2	2719
2	3006
7	3152
7	2300
1	2411
1	2641
1	3948
1	3093
6	3179
4	2572
4	2487
4	2055
3	3941
4	3325
6	2325
7	3631
7	2067
1	2280
1	3023
1	3152
5	4060
3	4541
3	2358
3	3470
5	2757
4	3503
5	4138
3	3413
5	3035
4	2394
4	4373
5	4650
3	2432
2	2163
2	3484
6	2684
6	2147
6	3105
4	2064
4	2804
4	6422
3	3040
4	2302
4	2448
6	2441
5	3018
5	2352
3	3286
3	6734
3	2509
5	2417
5	2812
1	3989
4	5492
3	2995
3	3033
6	2414
6	3383
6	2790
2	2499
3	2440
1	3158
5	3219
4	2793
5	2495
4	2538
6	3223
3	3453
2	3808
7	2152
0	0
1	2799
3	3015
2	8751
3	2205
6	2510
4	4513
3	6997
1	4215
5	4102
4	3122
5	2888
4	2932
3	3178
3	3799
4	3911
6	3446
5	3711
3	3554
3	2329
3	3283
3	1915
5	2867
4	4185
3	3062
4	2583
4	2360
4	4227
3	4310
3	2486
5	2741
5	2947
4	2917
5	2995
2	2913
2	2760
3	4006
6	4122
6	2698
6	2858
2	4394
3	3676
3	2622
6	2412
5	3966
6	2679
4	7712
4	3003
4	3129
4	2234
4	3731
5	3757
4	3175
5	4358
4	4553
4	2199
4	2908
4	2476
2	2779
2	3437
5	3788
6	3855
6	2328
6	2961
6	5209
5	3529
4	2796
4	2484
3	2808
3	5687
4	3164
4	2505
3	2509
5	3322
5	2678
6	3977
2	2588
1	4475
3	2891
5	1690
6	2502
6	2693
045A1FS18AE103007300000NT	
1	2810
1	966
4	9154
7	4897
6	2683
4	1241
7	9489
7	2914
3	2759
1	1254
3	2529
4	5523
4	1220
4	1227
7	5804
1	2509
1	3870
1	977
7	1553
4	3625
7	1253
1	1443
1	2067
4	3026
6	2591
1	2085
4	1838
1	3349
1	1765
4	1364
3	3209
7	5407
1	7252
7	1492
6	8268
7	3989
7	151
3	3139
4	788
4	1154
4	1871
1	3250
1	4802
6	5134
4	1397
7	2704
7	2270
4	1515
4	2026
1	4403
4	1213
7	4666
5	2854
4	928
6	3134
7	4347
7	1884
1	2963
7	1252
5	3040
4	1555
7	4621
7	1383
3	1309
1	2463
4	1020
7	2516
7	1476
7	2251
1	2076
1	1329
4	1445
1	1615
1	1492
7	2987
6	741
2	2467
3	8899
3	2210
6	1964
3	1926
7	864
6	1740
6	1572
3	3590
3	2787
6	2639
2	1885
2	107
3	3555
2	4904
2	2303
2	1582
7	2423
4	2080
4	2634
2	2512
1	2212
7	3135
7	3808
4	1043
0	0
2	2158
1	3247
6	2647
6	2683
4	735
4	1521
2	2067
2	1962
6	3810
6	4174
4	2335
2	5955
1	7440
2	933
6	2507
4	3957
4	881
2	3534
2	1555
6	1489
1	3293
4	4072
4	981
6	1804
7	2844
2	1757
0	0
4	2271
4	2843
6	1793
7	2924
1	3037
6	2000
4	657
4	1336
7	3325
6	3953
1	7746
7	4922
4	1748
6	3167
7	1890
6	1275
6	1735
4	1059
4	2708
6	1964
6	1733
6	2183
6	2323
4	1335
4	2488
7	2444
7	2797
046A1FS23AE084004400000NT	
3	3227
1	1397
1	1569
5	1192
2	2476
3	3125
1	1883
6	1660
1	2036
5	3420
5	1334
1	2379
3	2319
3	1723
1	2710
5	1686
4	2253
3	1377
1	1688
1	2473
1	2523
1	1923
1	1892
2	2497
1	2336
1	2434
1	2561
1	2442
1	1761
1	2518
3	2308
3	2841
5	887
3	2258
1	1890
1	1531
4	3703
6	541
6	2465
6	1890
5	992
6	2710
2	1562
3	3718
1	1863
2	2101
3	2729
1	1105
6	1835
6	2547
6	1710
6	1995
6	3057
2	3186
2	3637
3	1239
1	2949
1	2603
2	1896
4	1069
1	2671
1	2652
3	1645
2	2955
3	2327
1	2567
5	1549
6	1557
6	2772
6	3365
3	4616
6	2312
2	1874
1	2428
2	1481
2	2338
1	1197
2	5527
6	1226
3	1728
6	1620
2	1083
3	2314
6	1445
6	2671
3	1286
6	1355
1	2095
3	2081
2	1433
2	3136
1	1278
3	1898
4	2136
3	1258
2	2005
3	1680
6	1896
1	1810
1	1761
4	1184
2	1442
2	1137
1	1505
6	4280
6	1894
3	2054
4	1372
4	462
3	1728
3	1517
3	1821
4	2024
3	1444
6	1640
1	3398
1	1433
2	4236
2	1075
3	2381
6	2557
3	1625
5	2362
1	1387
4	1453
4	2442
4	1954
1	1981
4	330
2	2114
3	1297
4	2036
1	2494
3	1935
6	2146
6	2348
3	2285
6	1819
6	2197
4	3997
6	2011
1	1463
6	2659
4	1899
3	788
3	2523
3	2152
6	2336
1	3334
3	2057
2	2547
1	1393
1	1398
1	3113
1	1805
2	1857
047A1MN20AS000000002212NT	
5	4443
2	3441
3	3176
3	2778
4	4119
4	2554
3	1536
2	2464
2	5404
4	2247
3	4438
3	1464
4	7833
5	3904
3	4610
6	2881
2	7304
6	4453
6	2384
5	3784
6	4951
6	8645
2	3348
3	3588
3	2838
4	5491
4	6294
3	1674
3	3377
3	3829
3	4796
2	5182
2	5548
3	4173
2	3614
3	2512
3	4444
2	2818
5	2125
4	3242
5	3887
4	4197
2	5053
2	2738
6	6262
6	3327
5	1810
4	3285
5	7365
4	4687
5	5836
4	2382
2	2153
6	5729
3	2637
3	1954
3	3813
5	9048
6	3454
3	4718
3	1744
2	2466
3	5303
6	3761
5	3392
6	4103
4	2642
3	2811
5	4668
3	2523
0	0
4	3699
3	4154
5	2701
5	2670
2	3149
6	4435
2	2161
1	3933
1	4547
1	3806
6	5744
4	4072
1	7098
4	2369
4	5883
3	2235
2	4110
4	4878
5	3543
2	3238
0	0
6	1836
6	2519
6	1541
3	2071
3	2916
4	4452
7	2969
6	5356
4	5145
5	5433
3	3050
6	3225
2	4400
4	2679
3	1846
4	3544
6	1798
4	3507
2	2325
2	3012
4	2225
6	1740
5	1611
7	1958
7	2468
6	3008
2	2766
2	2581
7	4597
2	1341
2	1629
2	1698
6	1754
6	3246
6	3194
6	2289
3	3625
2	4170
6	4212
3	2115
6	5757
2	3130
2	2287
2	3703
6	5096
6	2493
7	2824
2	3697
2	2444
4	2513
3	2235
5	3696
2	1817
2	4728
2	4501
6	1962
6	2169
6	7930
6	4097
4	6119
7	5163
3	2595
2	3911
6	59
048B1FN18BE000000002112NT	
7	3276
6	6051
2	8240
4	7556
2	5938
6	4096
7	2394
7	1868
4	3925
2	2234
1	3832
5	4342
6	9955
5	1864
6	3147
2	2357
3	3407
2	5576
6	3028
6	1933
7	1845
1	2468
1	1871
2	1800
3	3210
3	7037
4	2460
5	5906
0	0
5	3199
6	2152
5	5303
6	1508
6	2714
6	2391
6	2306
2	4055
1	2762
6	157
7	1773
7	3136
6	4797
2	6315
2	2628
4	4613
5	1533
6	7244
5	2849
0	0
4	3200
4	6839
4	1893
3	4132
4	3655
5	5441
0	0
4	4796
4	2787
4	2315
5	8168
6	2732
5	3764
6	3036
2	7111
2	3506
4	3828
6	4815
6	2431
7	2925
2	1545
2	2569
3	4995
5	7659
1	2035
6	1983
7	2139
5	1618
2	2511
7	1472
5	1647
4	1619
4	8408
5	1237
6	5903
3	4112
4	3836
3	3848
4	7385
5	4510
3	2466
3	5297
3	5415
4	2940
4	4902
5	5590
4	4294
1	114
2	5498
3	5468
2	3769
2	3372
5	4668
2	4714
4	2684
3	5226
4	2458
3	3264
6	4317
3	7845
3	1655
3	3459
4	5138
6	2348
6	1975
2	3431
2	2765
3	2683
5	5941
4	3361
6	3322
6	4821
2	2550
4	3847
3	2281
3	3958
3	3411
3	3563
5	2371
1	3304
6	3648
6	4016
6	5883
2	2396
1	3720
5	7399
6	2119
7	2048
6	2536
5	4793
2	3531
5	4100
4	4956
3	93
6	1802
4	5055
4	1812
3	3464
3	2814
4	3180
3	5236
3	5877
0	0
4	4814
4	2504
3	5325
3	4781
049B1MS20AE042005700000NT	
5	1857
6	1466
6	2396
2	3563
2	7041
2	2472
6	1881
6	3412
2	2496
2	1694
2	2338
2	1550
5	1531
6	4029
6	2547
2	3257
3	2677
2	2340
6	1759
5	1611
6	2700
2	1390
2	1746
2	4962
5	1839
3	2585
5	2709
4	1966
4	2082
5	3739
6	4249
6	3055
6	1634
2	1701
6	3830
6	1939
2	3227
2	2346
4	4614
6	2884
5	4953
5	1933
2	3590
3	1815
4	3338
5	1767
5	3018
5	1293
3	3860
6	2045
4	3157
3	2797
4	2480
3	6718
3	1915
4	6145
5	1084
4	1905
5	2971
4	4714
3	2500
4	1579
5	3527
4	4028
2	8149
4	1734
6	2509
6	1743
3	2285
5	2358
4	2601
5	2026
6	2216
6	1860
4	4493
2	1756
3	7638
6	1301
3	3466
4	1160
3	4767
5	2050
4	1740
3	2054
5	1712
3	3691
4	2531
4	2769
4	2036
5	2092
4	1691
4	3633
4	1646
4	5943
4	1492
4	2043
3	2873
5	5262
5	5053
3	2004
5	2280
4	4055
5	6579
3	4178
4	4851
5	2309
4	1988
5	2937
6	2069
6	2257
6	3371
2	1856
2	2074
3	2720
3	3497
2	4386
5	2240
3	2054
5	2235
3	2319
3	8500
6	1803
2	3718
5	2608
2	1865
2	2646
3	3069
2	2401
4	2107
6	1690
6	1562
6	1830
3	1787
2	3094
5	1884
6	940
5	2618
5	5550
6	4309
5	2012
6	2794
2	1938
3	2148
3	2926
3	1920
5	4570
6	2759
4	1940
2	2109
4	3638
4	2450
3	1894
6	2596
6	2398
4	1969
5	3890
050B1FS20AS088008700000NT	
1	3901
1	833
3	3198
1	1021
1	1529
5	930
1	1332
1	1597
3	2304
2	2251
3	2156
7	1651
7	1016
7	1195
6	977
2	31
2	4155
5	3834
1	1156
5	1317
7	1529
1	3517
1	1253
3	3
1	792
2	2075
2	1063
1	1931
3	1505
6	2014
1	1771
1	1437
1	861
5	2657
3	956
1	1694
1	1659
2	971
5	1611
4	2349
1	2391
7	2439
5	2652
1	4162
4	3354
7	2147
6	3034
6	2918
6	2049
1	1480
3	4352
1	755
7	2504
6	1357
7	622
4	2620
2	1916
1	1367
5	3528
2	2227
2	2315
2	4088
1	1061
2	979
6	4752
2	1198
7	1440
7	1727
7	970
6	3048
7	1474
6	3073
1	1121
1	713
7	642
7	1229
1	889
1	2873
1	954
7	962
1	929
1	822
1	4072
7	746
1	1713
1	5192
3	1337
3	1902
7	1627
1	1205
7	1630
1	7343
3	940
6	1675
1	2045
1	6824
7	2325
1	5049
3	2448
3	1912
7	1626
7	1835
3	3217
1	2808
2	1331
7	2176
7	2213
7	1987
7	2078
1	2696
7	1246
7	992
7	1217
7	2012
1	3721
3	2301
3	1557
7	3502
7	1954
2	1077
1	1579
7	1305
1	1036
3	1747
1	2384
7	1198
7	2928
7	1225
2	4160
7	2379
1	4006
1	6339
1	1042
1	1395
3	1318
3	1051
7	3049
1	3520
7	2950
7	1917
1	1322
6	2231
1	3165
1	1638
7	1236
7	1819
2	4573
7	1720
6	2789
3	4310
7	2725
1	1298
3	1098
3	2553
7	1721
1	3029
052B1FN20AE000000002122NT	
4	3547
2	3185
3	3830
1	4306
3	3927
6	3871
6	4144
3	3209
2	3433
2	2375
1	4211
6	2588
4	4233
6	6800
0	0
2	2792
4	4529
7	3772
6	6725
5	1888
5	4152
2	4510
2	2480
5	5687
4	2216
5	3313
1	3158
4	2882
4	2562
6	2449
2	1825
3	5071
2	2228
6	1865
2	3857
2	4318
1	3884
1	2106
1	858
6	2426
8	2527
4	2768
2	2776
2	4630
5	3423
4	3101
5	6694
6	1969
4	2861
5	1427
5	2452
0	0
4	2543
6	1818
7	2331
2	88
5	5528
4	7970
1	3715
2	2312
6	3041
5	2810
3	3284
2	3594
2	6467
4	5197
5	2910
5	2589
3	1210
3	3101
4	3167
6	2841
3	5026
7	2290
3	4858
2	2149
2	2511
1	2956
1	2184
3	2932
5	2477
5	2702
4	4605
3	3759
3	3111
2	3827
3	3012
4	2857
5	2565
5	7259
3	2981
3	3373
5	2527
3	4368
3	5071
4	3896
2	3945
4	3282
4	2724
4	5029
5	3213
5	6011
3	3126
3	5428
3	2275
5	2893
6	2253
5	2449
4	2768
1	3529
4	2514
6	2014
4	3730
4	3115
3	2963
6	3051
3	4681
5	2630
4	5562
3	3216
3	2054
3	2134
5	4131
4	3075
4	2635
4	3013
1	3134
1	3010
2	3972
6	4314
7	2680
6	2929
1	2437
1	3366
2	5029
6	2479
6	2969
6	2018
2	3352
3	5299
5	2616
5	2943
5	3828
4	3632
4	5594
6	3403
6	3293
4	6369
4	2341
4	2583
3	4805
5	5833
3	3752
5	5423
3	2271
4	5911
054B1FN18AS000000002112NV	
7	1611
7	2064
4	4240
7	3556
1	1869
3	1845
7	1268
7	2867
4	1524
1	1671
1	4423
4	3650
7	2278
4	965
7	1230
1	2789
1	789
4	1252
3	1426
4	1231
6	2591
1	1355
7	2244
3	1618
1	1369
4	660
4	2208
2	1502
4	1251
3	6954
7	7845
4	1412
1	1279
4	917
7	1512
1	1782
1	1054
1	1685
2	3185
3	1372
4	1666
4	2254
1	1980
4	1426
1	1432
7	2409
1	1794
1	1683
4	1155
4	1522
1	3588
4	2951
3	1349
4	2640
4	2163
4	891
3	1999
4	697
3	2211
3	2014
3	4462
7	3072
4	2085
1	3815
1	2930
4	686
3	1711
4	874
3	6639
7	2611
1	1901
3	2159
1	999
7	4426
2	1893
3	820
3	5581
1	978
1	2081
1	1110
6	4021
3	2481
3	3316
6	992
7	4745
4	2916
4	1180
4	853
4	1529
6	2152
1	1600
4	1002
4	1223
4	917
1	3324
4	1779
7	2236
4	2527
7	3763
4	2563
4	1351
1	2657
1	2848
4	2594
4	1163
4	798
1	2983
4	1305
4	1550
4	2148
4	807
4	3108
4	1894
4	1724
4	2247
4	708
4	1046
0	0
4	1119
4	2443
7	1344
1	1804
7	2731
4	1289
4	888
1	2914
7	126
4	1353
1	2503
4	3659
1	3647
7	2320
1	1648
1	1877
1	2520
7	2774
7	1690
7	3734
4	3415
4	1607
4	611
4	1934
4	3831
1	3796
7	1388
7	2583
7	3599
4	1503
4	2193
1	3059
4	1598
4	2898
4	1070
4	840
4	1239
4	1049
055B1FN18ME000000001211NV	
2	2707
2	3695
0	0
6	2700
4	5785
5	1362
2	1395
2	2426
4	1031
1	1696
2	3163
3	2693
5	3737
5	2105
5	2393
6	2450
1	1665
5	5178
4	1906
6	2020
3	2966
4	5274
2	799
3	3539
6	46
2	1482
4	3369
5	1378
3	5477
4	2509
4	3232
4	113
4	4230
4	3940
2	1568
4	2885
1	3970
5	1355
2	1449
6	1957
6	1899
5	2912
2	1835
2	3322
4	8977
6	4108
5	2379
3	9365
2	1957
2	4487
2	882
3	1519
2	2452
2	1558
5	2054
2	3259
3	2491
2	1779
2	2110
4	65
5	2714
4	2146
5	5723
5	7013
2	2194
3	1903
5	2557
5	1897
4	9232
2	936
2	5940
2	3400
5	3587
2	2046
4	4285
4	3488
6	2422
5	2810
0	0
3	7621
5	5042
2	1882
3	2279
4	1203
2	1615
4	7610
3	3567
3	1624
3	4944
4	3943
5	2289
5	1219
3	8090
5	5112
2	2441
0	0
5	2729
2	7948
4	2241
4	2428
3	3018
2	4815
3	4626
6	2619
4	3248
5	2835
2	5269
1	3194
5	2359
3	2028
3	1434
3	4311
4	1810
3	3450
2	1163
3	4964
3	2893
6	2487
5	4513
4	2071
3	8462
5	4124
3	1958
4	9296
4	3341
2	2826
2	2662
2	2916
2	2710
4	4401
6	3039
4	2775
1	1755
1	3420
1	1628
6	2854
6	1884
6	2466
2	2916
4	3015
2	1580
6	2698
3	6035
4	2179
1	1700
6	3992
2	1599
2	2354
4	1125
3	2810
4	2131
4	8026
3	3038
6	5768
3	5142
3	2656
057B1MN21AE000000002122NT	
2	1878
2	2296
7	5877
6	1458
6	2720
5	2056
7	1829
1	2381
7	2244
1	3077
1	1565
2	2310
6	3555
5	4348
7	3315
2	1750
1	1750
2	3070
6	1998
6	1923
2	5723
5	2370
2	5780
1	2947
5	1888
7	3004
5	3416
2	1444
2	1267
3	4563
3	4193
4	2537
3	6238
3	2622
4	1669
6	7327
1	1479
1	1458
1	2105
7	1895
6	1760
6	1379
1	3003
1	1856
2	2105
7	1734
6	1827
6	1540
4	3294
2	2070
2	2290
7	3022
7	2094
3	1774
1	2592
1	1780
3	1988
6	2330
6	3653
2	3298
7	1975
4	7415
2	2213
6	1011
6	1526
2	2078
5	3782
1	2951
3	2597
1	2096
6	1911
4	3139
1	1706
7	1309
1	1394
3	2582
4	4818
3	4694
1	1354
1	1221
6	2486
6	1511
3	2612
3	3039
4	2807
7	2453
2	1651
5	1185
4	1959
6	3183
5	2272
5	4248
3	4528
3	987
6	1662
5	1839
6	1489
2	1539
2	3140
1	1490
2	2203
2	2105
3	2408
3	1980
2	3002
2	1587
3	2476
1	1742
2	1889
4	2071
2	1892
6	1664
2	2572
3	1201
5	2019
4	3610
2	57
5	1856
3	1020
4	2907
6	3438
3	1376
3	2886
5	2576
2	1527
6	3954
2	2611
6	3065
6	2055
7	2202
6	1443
6	1182
2	5331
1	1512
3	2060
7	6915
7	2252
7	2920
6	1927
2	998
2	4495
2	3060
6	2384
3	2471
7	2178
7	3104
6	7356
5	1371
5	1229
2	3105
3	2466
6	2177
6	2009
5	2459
2	2230
6	2380
058B1FS18AE077004400000NV	
1	1493
7	1026
3	1020
6	1759
4	980
7	119
7	1433
7	2900
7	1370
6	1391
1	1739
1	1780
7	1157
5	1497
6	2206
5	1053
2	1359
4	1235
5	1335
7	1283
4	4215
7	1833
6	1056
4	1053
4	1369
7	1924
4	895
3	1536
3	2861
6	1985
5	2495
2	1417
5	1012
4	1197
6	1463
7	994
7	1053
1	1994
7	132
7	1403
5	1025
5	1108
7	1086
1	2266
1	2080
7	155
3	1319
2	1205
5	1616
5	1051
2	1192
5	811
3	1222
7	4163
5	1015
5	1275
7	1771
7	1577
7	712
2	1262
5	1425
7	1337
5	913
5	1194
7	1264
3	1848
6	1627
6	1633
6	1245
5	2643
3	1823
5	1800
3	7845
7	1850
1	1180
5	2857
6	1243
5	1406
2	1733
2	1418
6	830
5	934
4	1519
5	2228
4	723
2	1723
4	1518
6	1061
4	858
7	1854
7	1696
2	1004
3	1420
5	1154
2	1223
2	1381
7	2141
5	156
7	2920
2	1573
3	1539
1	4471
7	1193
2	2573
2	1045
5	1293
3	4313
6	2899
7	2331
7	1540
2	1513
6	1872
2	1786
7	1401
7	5232
6	778
6	1150
5	1362
2	1227
2	1818
7	1396
2	1496
1	1927
3	1428
1	1450
1	1894
2	1136
4	851
4	2830
4	1109
5	1832
5	1149
4	1064
1	979
4	1492
3	2692
5	963
7	2234
5	1629
5	2008
4	2515
3	809
2	1239
2	1210
3	1133
5	1553
4	2993
6	2457
4	631
3	1952
5	1894
2	1798
4	1781
5	1353
5	1602
5	910
059B1FN18AE000000002112NT	
1	2377
7	2184
6	3930
3	3575
4	5785
3	4113
1	1343
7	2125
7	2350
1	4120
1	1969
3	4955
5	4530
5	3620
7	2751
1	4402
1	4018
2	2886
7	4747
6	4635
5	6687
6	4607
1	2362
0	0
3	6328
3	2194
5	6179
4	3719
2	4158
4	2350
6	5762
2	5356
1	5724
3	4321
7	2004
3	2723
1	2570
1	1882
1	5232
7	5305
6	2209
7	2995
1	2279
1	1780
2	3851
7	1769
7	3074
5	6596
5	3858
1	4642
6	1516
7	1986
7	2171
4	5618
7	3197
2	2319
1	1752
7	3371
7	2711
1	2618
7	5637
6	5294
6	2768
2	4878
2	3165
2	1545
5	1623
2	1778
2	3115
4	3355
7	3054
1	3280
6	2642
7	1298
1	2891
1	5620
3	2689
6	1734
1	1920
1	3879
7	2307
6	2188
1	1408
6	3765
5	2610
6	3195
7	3143
2	3159
3	4389
4	3890
7	2259
7	2180
7	3134
7	2646
1	2026
1	2355
5	4632
1	2752
7	2388
1	5304
1	1914
6	3837
1	2856
3	3252
4	3555
4	5896
5	4302
5	3655
6	2344
3	6907
4	3775
7	2158
7	2718
3	4731
4	3280
4	1879
4	3119
4	3638
6	2589
1	4006
7	2921
2	2243
3	5601
5	3998
1	5199
1	2030
6	5251
2	3875
3	4499
7	3775
1	2373
2	2844
1	3566
1	1848
1	1929
1	3371
7	2089
7	2427
3	3366
1	3983
1	3140
6	3669
2	4356
4	4745
6	5026
6	2372
6	6211
6	2453
1	4327
1	2674
3	4406
7	3756
6	4301
1	3680
6	1682
1	2435
060B1FN19AE000000002122NT	
2	5231
0	0
1	5440
4	3235
5	3477
5	3190
6	2323
7	2889
4	3231
6	2565
1	1655
4	6010
3	3816
4	4860
3	1970
2	5055
2	1458
4	3310
5	3608
5	3352
3	3678
1	3687
1	2394
3	1236
4	7382
4	4850
3	3790
1	4709
5	6536
4	2234
3	1870
6	2168
3	4381
4	1574
2	2707
3	8284
6	3880
1	3241
3	6026
5	5584
4	5178
2	3443
1	4808
2	1738
2	2096
2	4724
5	1546
5	3843
4	3359
5	6535
4	4565
4	2895
4	3216
3	3526
4	4481
2	6166
5	3982
4	6204
5	2367
4	3364
4	6189
1	5942
3	4660
1	2140
1	3795
2	4164
4	3473
3	2999
4	4136
4	3001
5	3401
2	6419
3	2088
7	5969
4	2674
4	2136
6	1786
4	1322
3	2598
3	5809
6	1539
6	2697
2	1743
4	3586
5	6334
6	3927
4	5912
2	7007
1	2074
2	2958
6	1616
4	4389
5	2478
3	5938
2	5443
3	4825
4	3046
5	2267
5	2020
3	5582
3	2163
5	3601
6	2247
5	3243
6	4625
5	5554
3	3042
3	2557
4	3574
4	4282
4	1649
4	1569
4	7123
5	4467
4	5002
5	5437
5	4103
4	1925
2	5942
3	4888
6	7034
3	2212
6	4466
3	5113
3	2233
2	3731
3	4145
2	1988
3	1496
7	1552
6	2420
5	3900
1	2146
2	2599
2	2484
5	3671
6	1464
5	2787
3	4715
2	2701
3	1998
6	1538
6	7023
6	1972
7	4027
0	0
4	4080
2	2493
2	1713
3	5390
2	2280
4	1894
5	1678
3	1716
3	2307
3	5013
061B1MN18AE000000002122NT	
3	8242
3	9672
2	6123
2	4407
1	8444
2	2206
7	4866
7	2777
2	6405
1	1498
1	5026
1	3617
7	3996
5	8462
7	4329
1	4710
1	1907
1	4868
1	1997
1	2087
1	978
1	4416
1	1116
1	1732
1	917
1	2443
1	6342
1	1682
1	1469
1	2170
1	974
1	1397
1	1312
1	1292
1	7771
1	4119
1	687
1	1616
1	2699
1	669
1	1080
1	836
1	1756
1	822
1	2232
1	2235
1	897
1	894
1	3561
1	3821
1	2170
1	939
1	1822
1	1413
1	1765
1	1191
1	1746
1	7304
1	1051
1	3404
1	1105
1	914
1	934
1	2126
1	917
1	1542
1	2354
1	1646
1	2665
1	1066
1	1118
1	1018
5	4402
7	3338
1	2928
4	2264
4	9063
4	1477
4	1369
4	5734
4	1039
4	3922
4	1945
4	3279
4	1671
5	1753
4	2372
5	2176
4	2123
2	2165
4	5547
5	3236
5	6032
4	5505
4	2188
0	0
4	3509
5	2799
5	1903
5	2917
5	1654
5	1824
4	3839
4	2451
4	1766
4	1564
4	3358
5	2816
4	2028
4	4924
5	5005
4	2973
4	3407
4	1552
5	1442
5	3168
5	4028
3	4145
5	1781
5	3899
7	5226
5	2810
4	2449
5	1902
6	2161
5	1559
3	4230
2	3912
4	2771
4	2267
2	2407
4	2219
3	3880
4	2697
3	3918
2	5139
4	1301
3	3668
3	3140
4	4854
4	3836
4	2717
4	1949
4	3546
5	4478
6	1890
5	2851
5	1552
6	3126
6	2692
5	1779
5	2989
4	3399
4	1454
6	3875
6	4890
063B1FN19AE000000002112NT	
1	3782
5	6321
1	2928
7	9538
6	2741
5	6412
1	2714
1	2881
1	5580
1	2791
1	4669
6	5302
1	3997
7	3668
0	0
1	7312
2	5784
0	0
7	8553
7	3616
7	1286
1	2694
7	4584
1	2068
1	4181
0	0
1	193
7	2944
6	4272
7	3858
1	7587
1	4414
1	2157
7	4197
6	7105
1	6486
1	1369
1	4995
0	0
7	3760
7	4353
7	4835
5	6372
1	2259
3	6441
6	2343
1	58
0	0
7	3141
1	3294
1	5417
7	5602
1	5864
1	4351
4	5206
6	5792
4	6055
1	7873
1	5907
1	2185
7	762
6	3262
6	8753
1	1998
1	2119
1	2298
6	6427
7	3924
5	3494
1	4144
0	0
0	0
1	3052
7	1777
1	3858
1	774
4	4372
1	1481
1	1964
1	5708
4	1647
4	3459
1	1460
5	3185
0	0
1	2386
1	1858
7	2102
6	2737
6	5125
3	5413
4	7193
1	6388
6	2627
7	1893
6	2453
2	4178
2	1993
1	3369
7	5406
3	2472
6	3654
1	4720
1	971
1	2306
1	5
6	2804
4	6072
1	5186
2	4568
1	2896
6	3029
4	2359
6	4690
1	5288
1	5512
1	3868
6	2413
6	5820
6	3522
3	2019
6	6371
1	5620
6	4360
3	4775
1	3602
1	3337
1	2395
1	3013
7	2323
6	3767
7	3214
2	2819
1	6452
1	727
7	2485
7	4041
7	3910
1	2433
3	5178
1	1941
6	1776
1	1297
6	1874
5	4733
6	6978
1	2973
7	3996
4	7180
6	5426
1	2067
1	2215
1	5648
6	2484
6	2372
5	2798
064B1FS19AE057006800000NT	
1	1648
1	1060
3	2733
2	2779
6	2280
1	152
2	2018
2	1647
4	4976
1	4875
5	1738
5	4541
5	3078
5	2215
5	2638
5	1547
4	1885
5	1195
6	2738
5	4876
4	2472
1	3203
2	6209
6	5047
4	3945
6	4868
5	1340
5	2505
6	7542
5	1699
1	1956
1	5661
3	2617
5	2539
1	3294
5	2434
0	0
1	1103
2	2257
5	6487
4	3195
6	4486
3	2301
2	5229
3	4214
3	1390
4	9530
4	2576
5	3846
2	2017
3	4626
3	5480
2	5953
2	1349
3	5038
4	2547
4	4358
6	1467
4	3523
3	4681
4	2311
4	1551
5	2751
5	3633
3	4090
4	4014
4	5491
4	3514
5	5857
1	1533
2	3505
2	3205
2	2409
5	2791
2	2275
2	2261
3	3874
4	4360
4	1403
2	1621
6	2246
3	5335
6	1857
0	0
2	5621
6	1460
3	5935
5	1720
6	4023
5	3445
4	2126
6	2681
5	2793
2	5739
3	3703
2	3693
3	3504
6	1808
4	1415
5	2167
3	2141
5	6893
5	7505
4	2450
4	4409
5	3048
5	6865
4	2826
3	4476
5	8590
5	4482
5	4415
5	2661
4	5239
6	6240
2	4854
4	1389
5	1639
3	4154
5	2521
6	4059
2	4344
5	6932
4	3516
2	3970
2	6080
2	3875
2	1259
3	2531
5	1350
2	3008
5	4597
2	1731
2	3466
4	1689
5	3332
6	2928
6	2140
3	2696
5	2192
5	3468
5	3988
3	1662
4	1735
2	1946
2	2409
5	6270
4	1924
5	1443
5	3593
3	3082
2	2899
4	1469
5	5201
6	3906
3	2524
065B1FS19AE055005400000NT	
5	4461
5	3386
6	3949
1	6041
2	4161
5	3856
7	6635
6	1081
5	3744
1	1765
7	2224
5	5551
5	3756
2	8739
5	3011
2	1737
2	2240
4	1680
2	1247
5	1087
5	952
2	3118
3	2478
3	2136
4	1679
4	2074
5	2195
4	1881
4	5021
4	3370
5	1857
5	2201
6	2631
4	4883
5	6689
5	5191
2	3296
2	5026
4	5411
5	6352
5	4267
2	1917
1	4456
2	4356
3	3839
2	3033
7	5341
5	3808
4	4185
1	3955
3	5888
5	3295
4	6271
4	2185
6	4876
5	7133
5	1310
3	2979
4	2155
2	3865
6	1674
4	3035
5	3648
6	3580
5	4488
4	2051
5	2865
3	2229
4	4982
4	4350
4	4136
4	4649
6	2011
7	3447
2	3068
3	1265
5	1788
5	1312
4	1417
2	4420
6	1682
0	0
4	2637
4	1356
5	2156
5	2725
5	4446
4	2772
4	4603
1	4019
5	4332
3	2672
5	3507
4	2740
3	2344
3	3568
6	2335
6	3106
5	4633
4	2092
4	2763
2	4019
4	2730
3	7034
3	2901
4	3111
4	2735
4	4460
2	3136
6	3702
5	2264
4	4611
5	2682
2	4832
5	3549
3	3827
5	3781
4	3332
3	2909
4	3684
5	3284
5	3510
2	6767
4	5166
2	2937
2	2543
2	3436
2	2335
2	2443
6	3344
6	4956
6	2487
2	4231
2	1682
2	2755
6	2248
6	2744
6	3083
4	2787
5	4906
5	4198
5	4504
4	3424
4	2123
5	3043
2	3767
5	3333
2	3680
2	1281
4	3495
5	4798
4	3558
4	2248
5	2157
4	2392
3	5465
066B1MN18AE000000002212NV	
2	2080
1	1228
3	1891
6	1827
6	1491
6	2084
7	1295
6	3396
7	1409
1	2162
1	2668
1	1150
3	1720
4	2885
4	1446
1	1442
2	2272
6	2308
6	1469
5	2236
6	3425
2	3090
1	5065
3	4216
2	1815
1	1922
7	481
3	1815
6	2678
5	3022
1	1295
1	1458
1	3155
7	2095
1	2017
6	3430
1	1115
2	1595
3	2229
6	1733
5	2664
5	3922
2	2533
2	1305
3	2902
0	0
2	5247
6	3175
2	1452
2	2024
4	3271
6	2006
6	2883
7	1572
3	1457
2	1990
3	3166
5	1956
3	2525
5	3430
5	3054
4	3363
2	4076
5	2720
7	3135
7	1952
6	1283
5	1186
4	2553
3	1650
3	3969
3	2878
2	1683
7	7199
3	6619
3	2280
3	3330
3	1555
1	1402
2	3714
4	2395
5	1910
5	3948
2	7600
5	2979
3	2005
5	5518
7	4479
5	2660
4	5427
6	1768
6	2627
7	5815
1	1663
2	2489
2	2276
6	2411
4	5003
6	2663
2	3360
2	2531
3	2229
1	2603
1	2016
5	3953
5	2865
5	2981
4	5080
7	1615
6	4858
7	1923
4	6736
2	1676
2	2523
4	4017
3	1960
4	2423
5	2501
5	5788
4	3034
1	5308
5	1850
5	4205
6	3525
2	2052
1	4568
2	1545
4	4325
3	3347
5	4002
7	2727
6	1936
1	2213
2	1325
3	2540
6	4574
6	2577
5	3086
1	1535
2	2557
5	1565
4	2755
2	2983
4	4968
5	3693
3	6725
6	1819
3	3049
2	7578
2	2810
6	3202
6	2021
1	5945
4	1998
4	4624
4	4386
067B1FS24AS066006600000NV	
7	3280
6	8074
5	1604
1	6013
1	3210
6	1393
6	7982
7	3905
3	2811
1	2369
7	887
4	1764
7	2402
4	2238
1	1758
1	2870
1	1464
4	1939
5	6105
5	1451
7	3706
3	2382
7	3591
3	1084
4	2275
4	2436
6	1381
4	1483
3	2242
5	1665
7	2165
5	8374
7	2718
7	4999
7	1769
7	1088
3	2120
1	1676
5	2148
5	2048
3	6740
5	1638
4	2401
5	1169
4	6063
6	1949
6	2045
4	2751
4	2885
4	3036
5	1025
3	1950
5	1880
3	3972
6	2127
4	2756
5	3018
5	6069
6	1468
4	1932
5	1692
4	1647
4	2487
3	2121
5	1475
5	1020
5	877
5	830
4	1441
4	2160
4	3974
4	1770
0	0
7	2472
1	6361
3	3932
4	3015
6	6283
2	3714
2	1361
6	217
3	6852
3	1900
4	1481
4	2643
4	2575
1	2792
3	2281
4	2410
3	2422
6	2600
2	1870
1	4042
7	1688
4	3350
4	1283
3	2646
3	1059
4	1094
4	1948
4	2983
4	2723
2	2867
4	1689
2	2907
2	4236
3	2426
5	3953
4	2043
4	4549
5	6066
6	2044
4	1762
3	2627
3	1585
3	1879
3	2012
4	2155
5	3747
4	2659
0	0
3	2696
4	2169
4	3288
4	3287
6	1585
7	7037
6	4993
2	1999
5	2438
6	4230
7	2893
3	3358
2	4278
4	2304
6	2894
4	2153
4	856
3	2178
1	2559
3	1927
4	2547
4	3493
5	3305
3	5581
3	2457
2	2078
6	3011
5	4072
4	2546
4	1017
5	3784
2	2039
6	1361
6	1379
6	3436
069B1MN19AS000000002122NV	
3	6423
6	8374
2	2754
5	3980
4	3328
4	2106
6	1743
2	1790
7	4249
2	3005
2	1899
2	3509
5	1805
6	3274
2	4589
3	1647
2	2062
2	6852
3	2108
4	2748
3	2769
3	3662
2	3730
3	4620
5	3567
6	2392
4	4747
3	3212
3	5707
4	47
6	3957
4	4940
4	4767
2	1695
0	0
6	5737
4	2522
5	2236
5	5928
6	6544
5	2783
5	4856
3	1765
2	1820
2	1900
3	5880
6	3174
3	2616
2	2408
5	2458
2	5083
6	3040
6	2452
6	3525
3	2589
5	140
3	6697
7	2685
3	4116
6	5078
7	4399
4	3934
3	2633
3	4785
3	6383
5	4415
3	2566
3	2568
4	2195
6	2528
3	2583
6	6628
7	5323
6	2156
5	1001
3	1987
4	6913
2	3653
1	3397
2	1083
5	3611
4	3673
2	3093
4	3105
2	1546
4	1839
5	5235
6	1694
5	5174
5	2157
3	6721
6	2001
6	4999
2	2610
3	3481
2	2765
5	3119
4	3723
3	2169
3	1586
6	3181
0	0
5	2754
6	1407
3	2006
2	1244
5	66
3	3506
4	4137
2	1685
2	2549
6	3607
5	5961
6	1363
2	3039
2	2698
3	8572
4	4726
6	2231
4	3326
5	1948
4	8547
2	2176
6	1799
5	4915
5	4254
2	2276
2	1612
2	5654
6	981
6	2483
6	3345
2	3959
2	1963
3	3054
2	3884
6	1100
3	3747
6	2556
4	2540
3	2869
2	2485
2	6548
3	4097
7	3091
5	4355
6	2317
2	2717
4	2060
3	1529
2	5305
2	2055
2	3870
6	4088
6	1522
6	1804
070B1FN19BE000000002112NV	
3	3723
3	2482
5	3322
5	1970
6	3809
2	2018
6	5460
6	3388
6	2969
5	2458
2	2219
2	1846
5	5399
4	7212
5	1878
4	4555
3	3764
3	2370
4	2779
4	2491
5	3060
4	8518
4	4111
4	4322
3	2320
5	2420
3	6978
5	2259
0	0
4	3195
2	6574
4	2524
3	4130
4	2018
4	5885
5	4335
4	5788
3	3512
3	1023
2	4170
3	2482
3	7000
5	2640
4	1853
6	2771
4	7308
4	3530
3	7116
3	4448
3	3130
3	2233
5	1279
6	1975
6	4675
2	5251
3	2385
3	2000
5	8685
3	1947
0	0
5	1616
4	4190
3	1997
4	5844
4	2869
2	3321
4	5062
3	2135
3	2106
5	2253
5	2142
4	1917
5	3870
2	2105
3	3720
4	4560
2	2049
3	2211
4	4627
3	2217
5	9343
4	4184
6	2213
4	7930
2	3810
3	3145
3	1715
5	1842
3	1856
6	1031
6	3484
3	1190
5	1970
3	3571
3	972
3	900
6	1752
7	4732
6	3180
6	572
2	2623
4	2410
3	3126
4	5626
6	487
4	1773
3	3944
4	482
5	4944
6	2159
5	2561
3	2647
1	5273
5	1068
3	1864
4	34
2	4830
3	3404
3	3033
4	4647
6	1544
3	1277
5	2769
4	532
3	1505
3	532
3	1496
3	3047
3	1007
6	1379
5	1911
5	1449
3	2249
3	3222
3	1615
3	1469
6	689
5	2756
6	2083
4	1276
6	5492
2	2148
5	1342
5	1646
6	2906
6	412
4	3598
3	172
5	5017
3	1780
6	2790
3	3112
3	421
4	1766
4	3938
5	2392
071B1FN18BE000000001122NT	
3	1613
4	699
5	624
5	5534
4	736
5	5027
5	2411
1	1006
2	6101
3	4146
1	1912
2	2734
6	1428
6	1398
7	2236
1	1572
1	2377
1	1752
6	1152
4	1796
6	6477
3	1860
2	2457
4	1282
4	1716
4	1050
3	1305
3	2063
4	1375
4	1289
5	2280
4	2494
3	3039
4	1423
2	1285
2	876
2	1283
1	2526
3	4892
6	1083
5	1740
5	2274
3	5822
3	5837
3	2169
5	2169
5	3002
4	7514
5	1774
5	4363
4	2186
4	2918
5	7347
3	2484
5	1817
3	2103
5	1897
6	4582
1	1780
3	2672
4	7205
5	1791
5	1423
3	2323
2	2784
5	4957
6	3083
3	1255
4	2879
5	1921
3	1981
4	2002
4	3463
7	1114
1	1770
4	1558
4	1681
3	3927
2	5397
3	1755
6	4346
5	1829
4	1388
4	1947
3	1850
4	1994
5	1849
0	0
5	1961
4	1503
2	1680
6	975
3	1992
6	1895
2	5686
4	1074
7	2110
1	1242
6	2830
7	2410
1	6011
1	1751
3	2535
4	3945
2	1638
2	1345
4	4451
4	4550
4	1796
1	1792
4	2359
6	2438
6	1322
6	933
5	5084
5	2200
4	1559
3	2653
4	2076
6	2394
7	2054
5	524
5	3469
4	1747
3	3355
5	1827
4	1384
3	4338
3	8420
7	1996
6	3836
3	1882
4	548
2	3065
4	1214
6	1085
5	2062
6	2898
4	7125
3	1951
7	1645
4	3287
5	1709
5	1961
5	1998
5	4787
6	5442
4	4745
2	1949
1	2296
2	5264
5	2405
2	1934
5	1666
5	2966
4	886
072B1FN18ME000000002212NT	
6	1668
6	1219
7	6801
3	1520
6	1406
7	1923
1	4550
6	1077
3	5237
7	1769
5	3964
3	2161
5	1555
5	6159
4	1742
4	1943
2	1487
7	5996
6	1597
7	3435
5	3749
3	2784
1	8904
1	3841
7	7502
5	2550
1	1298
7	972
4	1959
3	2511
7	1514
1	1708
4	888
2	684
7	2526
3	2425
3	1264
3	1867
3	1226
3	2212
6	1765
5	1416
7	1549
3	1868
5	1407
1	1820
2	1565
1	4286
1	3150
4	5870
2	896
7	1283
1	6471
5	1784
7	2375
3	919
3	1261
1	2233
6	1180
5	1360
6	1419
4	1278
5	1932
4	1202
1	1194
6	1330
4	2019
7	1231
2	1038
5	2586
6	1791
1	1185
1	1901
1	3680
1	907
7	1710
3	6118
1	1188
7	1694
4	2484
1	1629
1	890
1	3447
1	3821
3	1394
7	6063
6	2657
1	2382
4	1057
1	2240
7	1824
7	3234
4	1603
2	2977
4	1451
1	2551
7	2574
7	1689
7	1287
1	2255
1	2344
1	1965
7	1260
7	1149
3	2997
1	797
1	2807
5	1025
7	1903
7	3043
1	2775
3	1175
2	7186
1	842
1	1122
4	1999
7	2259
2	1984
1	1577
1	1344
7	1845
2	1636
7	5799
1	1341
3	1202
1	2238
7	978
1	2517
5	4303
4	1221
3	2417
3	2203
4	5295
7	3422
1	2370
7	3603
7	1795
7	1149
2	1605
7	1379
1	1596
1	1594
4	2577
1	4838
1	3538
2	1873
7	2444
2	873
4	1121
7	2719
7	1671
7	2101
1	1837
2	3305
1	2442
1	2086
073B1FS18AE066006600000NV	
3	1797
4	2473
3	2154
5	2979
5	6732
6	5659
7	3580
7	6154
6	1885
1	2132
1	2564
1	3917
5	7661
6	1409
6	2522
1	1724
1	2209
5	2039
4	2114
6	1188
6	2038
4	2052
2	2138
3	2181
6	1598
6	5514
6	2006
1	3324
2	2061
1	1688
4	2785
4	2317
4	5156
6	1877
3	2305
4	2099
3	2094
1	1881
6	1723
6	1348
6	1996
4	1985
1	2274
1	3269
4	4208
5	1453
7	3227
4	3176
1	1854
1	2151
1	2400
6	2358
7	2257
0	0
3	2108
1	5509
2	3291
6	2198
6	2652
4	3047
3	4778
1	1237
4	2322
4	7338
3	1208
3	1854
1	4179
3	1924
2	3857
6	2579
3	5557
3	2251
4	2226
7	1376
1	4655
2	1963
6	1443
4	2362
4	1920
1	7902
7	1030
7	1094
4	1987
4	6905
5	4553
7	2135
4	1821
5	2936
2	3145
1	6530
5	1088
7	1624
6	3131
1	1825
1	4621
1	3419
7	1388
7	2667
5	2398
1	1821
1	2876
1	3593
6	2576
6	6608
1	1989
1	2183
1	2520
1	1869
6	1814
6	1449
2	5652
2	1509
2	2379
1	4648
6	2331
6	1078
2	2665
3	3492
1	1451
2	3154
7	2646
7	2032
5	3100
2	2842
1	2238
1	2530
4	2000
3	2508
4	1968
4	2255
5	2814
5	2583
3	2217
1	2270
5	2652
6	2132
5	2688
6	2177
5	3956
7	2078
6	1740
1	1871
2	1842
4	3104
7	3334
1	1810
7	1702
1	2354
1	2203
1	1664
6	4463
5	2348
6	1212
3	3035
4	3315
4	2802
074B1FN18AE000000002122NV	
2	2806
2	3276
2	4549
5	3409
4	4348
3	4167
6	4536
6	3284
2	8204
1	2153
1	3436
3	4886
4	4927
4	4550
4	4767
2	4966
2	3451
3	6538
4	3316
5	2831
6	3848
1	5065
1	4258
3	4668
3	3037
3	3097
4	5501
3	2974
3	4375
4	5021
3	3881
2	4786
3	4488
3	6711
3	5782
0	0
4	4365
3	2013
5	4041
4	4259
2	3191
4	7349
3	8794
3	5575
4	5632
3	4997
2	5279
2	3092
2	3236
1	2717
1	3311
4	3456
2	1926
5	3839
4	5229
3	2971
4	5083
3	5024
3	2594
3	3202
4	5348
5	4782
4	6003
2	4282
3	3952
2	5362
5	6639
4	6699
4	4903
2	3785
3	3773
2	6796
3	2891
1	2222
4	4737
4	2149
2	2668
4	1565
3	3261
3	2621
1	3434
4	2516
4	8901
5	2808
3	5251
4	5491
2	3665
2	4075
3	4823
2	4430
4	3999
5	3382
5	5111
2	6899
2	4712
1	2763
5	5705
4	2939
5	2455
2	2444
2	2886
2	2475
3	5452
3	5372
3	5012
2	5770
4	4347
4	3726
3	2412
2	5362
3	4731
4	5809
4	3332
3	6445
3	4016
3	4385
3	7813
4	6525
3	5537
3	7209
3	2365
3	3868
5	3671
4	4723
2	6220
3	5698
2	3539
3	9942
2	3930
5	4049
5	2210
4	4053
2	4355
2	5516
2	2582
4	2010
4	4829
4	6030
3	5878
3	2772
3	4451
3	6274
4	2476
3	7789
4	4782
3	5183
3	4138
3	3069
3	3264
3	4119
3	3
3	3400
3	4053
4	3310
4	5889
3	6528
075B1FN24AS000000002112YT	
3	2327
1	1931
4	2333
7	2460
5	1763
6	2291
7	1647
1	1843
5	2197
1	2225
6	1643
1	1562
3	3863
4	1338
4	3778
1	2555
2	4369
2	4701
5	1608
4	2377
4	2207
3	1729
2	6132
3	3894
7	4801
5	2199
1	3548
1	2362
2	3424
5	1971
2	939
2	2777
5	1891
4	1901
2	3771
2	1768
2	2964
2	4819
4	2000
1	4275
4	3315
5	2414
2	2043
1	4135
1	4004
2	1627
3	4270
4	4600
1	2126
1	4582
3	5790
5	2186
5	1721
3	4454
3	2413
4	1909
5	1960
3	5260
3	3961
3	2070
4	2047
3	2998
3	3814
2	2800
3	847
1	2503
6	4373
4	2361
3	1986
2	1824
4	2237
4	1610
7	1342
1	1190
4	2260
5	1662
1	1751
5	1404
3	3865
4	1531
3	4066
2	2050
3	1067
3	2664
7	2368
7	4223
2	1529
5	2171
3	7290
1	2331
1	973
5	8341
6	1641
1	1340
1	2027
1	3423
1	3504
1	3753
3	1890
3	1316
2	2415
5	2891
1	3870
1	2076
1	1621
2	1666
1	2885
4	2938
4	3185
4	6151
6	2396
3	1299
1	1816
4	2989
5	2844
3	2226
2	3283
7	1397
2	1829
4	3014
6	2325
1	2130
3	3098
4	3829
4	1659
4	103
2	7510
5	2962
1	1565
1	6596
3	6060
1	2247
2	1992
3	839
2	5099
4	3126
5	2626
3	1297
7	3497
6	3762
3	1915
5	2896
1	5
5	1446
6	3053
7	1543
3	4052
3	5635
2	1771
3	3596
3	1498
7	3073
1	4415
5	3772
5	2930
4	2882
076B1FN20AS000000002112NT	
2	2352
5	1768
4	2238
4	2446
2	2085
4	1714
6	1946
6	2759
3	2485
1	1670
2	2508
3	1858
5	1349
5	1898
6	1868
1	2334
1	6062
5	3101
4	3316
3	5582
5	3121
2	3550
1	1962
3	5991
3	2061
3	4559
4	1725
5	2254
3	2982
3	8601
4	2220
2	2387
3	2911
3	6401
2	2888
2	3017
1	1700
2	7357
4	2114
6	3018
4	1480
4	2464
1	2273
0	0
4	2135
6	1638
3	4329
4	3344
5	2497
2	5037
4	2230
5	5490
5	1811
3	2378
6	1872
3	2252
5	5082
2	2684
3	3305
3	5316
3	3675
5	3357
5	6960
4	2937
3	2762
4	2066
3	1887
1	1872
2	2604
6	3598
1	9152
2	2405
1	8566
7	3753
3	3552
6	1808
1	2900
6	1770
3	4143
4	1464
1	2731
1	1035
7	1899
3	1933
2	4533
2	1748
4	2344
3	6830
4	5577
3	2126
0	0
4	4246
4	3252
5	1941
1	4777
7	2674
6	5873
2	7337
4	6660
4	1979
5	4086
5	1289
4	2965
5	3384
3	2502
3	3785
6	2236
1	5891
6	2045
3	4703
4	2545
3	2471
4	4496
2	4992
3	1996
1	3271
3	4565
3	3433
7	4091
4	2396
1	1421
1	2898
7	2671
7	2112
6	5554
7	1717
3	4350
4	1955
6	3493
4	2372
7	6028
5	5690
4	1583
1	2113
3	1656
4	1467
7	6814
1	4924
2	1122
3	3652
3	1763
2	2070
5	3436
6	2976
5	3123
6	3743
4	2773
2	2246
1	2442
3	3425
1	3063
1	3062
6	3212
7	1791
5	2146
7	2216
077B1MS18AE065008700000NT	
1	2529
1	4550
0	0
5	1673
6	2581
6	5553
6	3824
5	8128
1	2239
4	2406
2	5403
6	2118
5	1071
5	3150
5	1961
1	1470
1	1558
1	2841
5	2841
6	4013
6	1669
1	2250
1	4383
2	2163
2	3936
1	1410
1	4934
5	5389
5	3125
5	4315
2	1870
1	1280
5	3601
6	2695
1	2608
1	1447
1	2550
1	1867
3	3853
5	2031
5	2264
6	1266
1	1353
1	1895
2	4377
5	8732
6	2548
5	3575
6	4742
4	3571
5	2850
1	6387
2	4052
2	4037
5	4149
5	4032
5	2066
1	1821
2	2297
1	2081
6	6079
5	2189
5	1492
1	2271
1	3682
1	1621
6	96
4	2042
4	1974
1	2120
2	3794
1	2582
1	1542
3	6827
1	1848
1	3011
1	1850
1	3783
1	1004
3	2491
1	2507
1	2272
1	1570
1	2714
1	1767
1	2275
1	2114
7	1779
4	1850
5	1592
1	1546
1	1256
2	1669
5	2647
4	1301
4	1646
1	1545
1	1761
1	1267
6	3740
4	2956
4	1942
1	2792
1	2188
2	2732
7	2723
5	2025
4	4024
1	2388
2	3335
1	1465
7	2482
3	2746
4	5105
1	2330
1	2051
2	2978
7	3171
5	1058
4	2449
2	2416
1	1727
1	3076
5	2333
4	1513
5	2148
2	2725
1	2724
1	3257
6	2171
6	3345
5	3006
1	3444
2	2273
2	2784
6	2278
5	1360
5	1921
1	1297
1	2404
1	2255
5	1955
4	2810
4	3800
2	1437
1	1468
2	1503
5	2453
4	3753
4	4351
1	1584
2	2251
1	2452
5	4164
4	1394
4	2086
078B1MN26AE000000002112NV	
6	4127
2	2025
4	4135
4	1688
6	4777
6	2998
6	4056
7	3021
1	5920
1	3273
1	2893
7	4871
5	5504
5	6982
7	2162
2	5173
1	1830
1	2253
7	1929
7	1766
6	2415
1	2840
2	2130
1	4679
3	3228
1	1091
3	2936
6	5334
6	2705
6	3035
1	3859
1	2901
1	4710
5	4884
0	0
1	8332
1	2111
1	2777
1	2449
7	2360
1	3993
6	3456
1	2377
2	1293
4	3860
5	2344
6	2043
6	6380
5	2331
4	2233
5	2526
4	1684
5	1429
2	2325
6	5602
6	2583
6	4985
2	4087
2	3358
4	2618
7	3589
7	1943
7	1789
2	5297
2	3017
1	4441
6	1437
5	3087
6	3777
1	5373
2	3539
1	868
3	2188
5	3793
2	1836
2	1879
4	2948
1	1578
1	1823
1	1437
4	3143
2	1907
0	0
1	995
6	2389
6	4885
3	4474
5	5859
4	1455
5	4552
5	6530
3	5656
2	1938
2	2518
2	2262
1	2110
3	4040
3	4519
5	3918
2	3669
2	3160
2	2935
2	2920
1	4561
7	2214
3	3896
2	4016
2	4127
4	2419
4	6804
3	6948
4	6735
6	2864
5	7320
4	1522
4	3490
4	3916
4	3809
5	5146
4	5839
2	3771
4	2976
2	4680
2	6033
3	6243
5	3620
1	4387
1	2642
2	5343
5	2138
7	2853
4	3086
1	1771
1	2388
2	6402
6	2178
7	1942
6	3681
2	6749
2	6065
4	5110
5	3379
4	3269
5	3200
5	5692
4	3237
5	2592
5	2832
2	3522
5	6124
1	1765
1	3057
1	1956
5	3860
7	2157
7	3012
080B1MS18AE067005300000NV	
6	3621
6	2406
5	3347
2	1937
1	2626
5	5378
3	2531
7	3127
7	2471
1	2982
1	1887
1	3844
7	2317
7	3680
7	1427
1	4254
1	2542
1	2040
7	2354
7	1843
7	2877
1	2981
1	2511
1	3362
2	5719
5	4004
6	4544
4	2909
4	3383
6	2652
6	1288
2	2569
2	5649
4	2309
4	6052
4	3421
2	5255
2	3301
2	2649
5	2841
3	5503
6	2403
3	2064
3	4116
3	4166
2	138
6	3615
3	3349
3	2351
2	3228
2	1621
7	2801
6	5511
0	0
5	3794
4	2734
3	2473
3	4501
4	3789
4	2573
7	2794
5	2584
3	2224
5	5157
5	2774
3	5614
4	2786
2	3828
3	4240
5	4133
6	5122
5	2576
6	1682
6	1885
1	4593
2	1697
3	4034
5	1458
4	4367
4	2170
5	2254
3	4477
2	2246
3	1668
6	4119
5	2982
7	5261
4	6428
2	6128
5	3505
6	6011
6	3261
3	707
2	5539
3	3167
2	3569
2	4166
3	4404
1	3365
7	2179
5	3272
2	3786
3	5308
3	4399
7	3327
2	4014
4	2435
1	3005
3	3337
3	2562
6	199
5	389
3	2629
6	1734
4	1300
2	3754
1	3928
6	1536
5	2197
3	2892
4	4313
5	3498
6	6923
5	3940
3	4128
3	3589
2	5856
1	4418
1	2264
7	4756
5	5149
6	2096
4	5116
6	1276
1	2779
6	2761
6	1153
6	6444
3	935
3	469
3	353
2	3024
1	4968
2	1568
7	2353
6	209
6	353
6	4292
3	2687
4	2252
6	3919
6	233
4	6167
3	273
4	214
6	3630
096B2FN18AE000000002112NV	
4	3401
4	2797
3	1757
4	6943
4	3820
4	3533
5	2357
1	2448
3	8531
1	2254
3	4067
5	2962
3	2672
4	7419
5	3131
5	4014
4	5483
3	3503
6	4001
4	5918
5	2223
1	4986
1	4171
3	3433
5	2815
6	157
3	2934
2	4734
2	2571
4	2325
4	2990
3	2114
5	1424
5	7454
3	2435
4	2654
2	3137
6	3149
3	2978
6	3258
0	0
5	4471
1	2665
5	2804
2	2653
6	2435
4	1707
5	4116
5	3116
3	2001
4	3429
5	6201
3	2118
3	3027
5	7111
4	5472
4	4445
3	5277
4	4042
3	1697
4	1357
4	1983
4	2955
2	2420
2	4330
4	1827
4	3951
3	5270
3	3088
3	2118
5	3213
4	4526
4	4212
5	4368
4	2794
2	3623
4	2795
2	5259
1	5701
1	2053
3	1974
4	3807
3	1951
3	2831
2	5259
2	2745
4	3603
4	1858
6	2645
5	5730
7	3635
6	3214
4	5658
5	3376
1	2640
1	4623
6	5664
5	4624
4	7797
5	6666
3	2128
4	5831
1	2656
3	4251
4	1828
4	3819
5	8411
6	3105
1	2567
1	2862
3	3893
6	1718
7	2857
6	5304
1	2891
1	2861
4	2311
4	6661
7	3275
5	5080
3	3613
5	2804
3	3755
4	2611
3	4297
2	2949
5	5629
5	4434
5	3650
4	1104
2	2110
2	6935
4	3862
3	2329
4	4620
4	1522
3	3955
4	5501
1	3106
2	4848
4	3339
4	1047
5	3053
5	4632
1	2814
3	3138
2	4850
6	2856
7	3151
5	6584
5	4385
4	8702
4	2026
4	2552
2	2204
3	8304
097B2FN18AE000000002112NV	
5	3684
5	4448
4	5553
2	4981
1	3468
3	5476
1	2115
7	2494
6	2737
1	2491
1	2439
6	3201
7	3094
5	3890
7	2592
1	2595
1	1322
2	6041
5	2835
6	4498
4	5041
1	3472
1	2212
6	5906
3	2237
3	4014
1	6376
6	2182
6	8174
0	0
6	6334
2	5796
6	6244
6	4210
4	4836
6	4350
1	1930
1	1597
1	2323
7	2315
7	1811
4	3377
2	6725
1	1803
2	5156
5	2147
4	1805
4	7279
6	1840
5	1354
4	4384
1	3110
1	4094
6	3091
6	1814
5	2472
5	1835
2	1429
2	1089
3	3738
4	3247
4	3865
4	2694
2	3914
6	1815
6	2976
6	1829
3	3763
2	6176
4	2215
6	5274
4	6791
0	0
4	9066
5	963
3	493
5	1090
3	5567
5	3075
6	9758
4	1692
6	3147
4	7182
6	2421
1	6644
1	1055
1	3372
5	2879
7	1492
7	1601
1	1088
7	1825
7	4402
2	8893
2	3781
2	3957
7	2679
5	1887
7	3120
2	5021
2	1969
1	2631
2	3621
1	2844
5	7497
2	4862
1	1895
2	2551
1	2004
1	1252
1	2224
7	1537
7	3459
5	7591
7	1748
1	1233
2	6322
5	5753
7	2524
5	1691
1	2039
1	1544
1	2849
5	4683
5	3936
5	3703
1	1648
1	1570
1	2784
4	3961
5	2149
5	3745
7	2440
7	2096
7	3597
2	2919
1	7165
2	3392
1	1795
1	1544
1	3445
5	5264
7	1742
7	2511
2	3552
1	1593
1	1319
5	2186
7	1809
5	3345
1	1193
5	2376
5	1956
1	3197
1	3633
1	2300
100B2MS18AE057006700000NT	
4	4738
5	4538
3	5058
3	3915
3	3355
4	3795
4	3107
4	3361
3	5484
3	4404
4	3452
3	4849
6	2240
6	4322
5	2790
2	6476
2	3284
2	3111
6	3543
6	3215
5	4674
2	2291
2	2260
2	3709
4	4821
5	5127
4	6946
3	4246
3	4248
4	2787
5	4839
4	4425
4	4232
3	4445
4	4457
5	4194
3	8513
2	3506
2	2979
6	2260
6	4497
5	3202
5	67
2	1871
2	2288
5	2743
6	2988
5	3212
4	6260
5	3570
0	0
3	5172
3	2952
4	3315
3	5444
2	6158
3	4322
4	4122
4	4377
4	5839
5	2345
4	5502
4	3320
2	3561
3	4147
3	5671
4	2624
5	3899
5	5815
3	2374
3	3131
5	2620
4	4929
4	3634
6	2021
6	4422
4	1909
4	6353
6	2154
6	1314
5	4903
3	3361
6	1837
5	2139
2	3371
2	2621
3	3213
6	3785
6	2794
6	2836
6	2434
5	4727
6	4499
3	4441
2	1987
2	3016
3	6986
3	3744
3	5572
5	3276
5	3377
5	3437
2	2846
2	2666
4	6249
5	3470
6	1811
6	1770
2	2460
2	4679
2	6878
5	6104
6	3557
6	4671
2	1716
2	2103
4	3921
5	4064
5	3803
6	1571
4	3157
4	2241
3	4219
4	3584
2	4228
2	4261
4	5761
4	2440
3	5504
5	5166
4	2963
4	6612
4	3200
3	4930
3	4579
5	2257
4	2792
5	3233
2	2061
2	2126
2	2335
6	3237
6	1682
6	1636
2	1872
2	1873
2	4177
6	2429
6	1987
6	3194
3	4549
3	4086
6	2785
3	3538
4	3601
4	2241
101B2FS19AE067006600000NT	
8	2476
8	2221
6	1715
8	1171
8	929
8	1058
3	3035
2	2445
4	1620
3	3003
4	3037
5	2981
3	3455
4	2503
2	996
2	7804
2	1576
2	1331
3	2139
3	2161
2	1479
3	1271
4	1210
5	942
4	5086
3	3012
7	409
4	1843
1	1562
4	2112
3	4018
2	1857
4	5351
2	2402
1	6455
2	993
2	2335
3	2657
4	3227
1	1417
7	1369
1	794
3	2321
3	4264
4	1190
1	3224
3	1858
7	2100
2	3530
4	68
3	1366
2	539
3	1402
4	1421
4	224
4	955
7	1537
6	1439
5	3663
4	1734
4	1123
5	1241
7	197
3	4065
3	2306
4	2400
3	2835
4	1454
3	2433
4	981
6	2234
4	802
8	1513
6	1483
3	1561
3	4444
4	1577
2	3659
1	1734
1	1672
4	1993
6	1446
3	4422
5	1746
1	2941
1	2458
3	2053
6	1861
6	2808
8	2480
4	1963
5	1873
6	2232
4	2390
4	3473
5	2470
8	1485
8	1633
7	3951
5	4249
4	4506
5	4117
7	3363
7	2092
8	1541
6	2459
2	2461
2	2328
4	3320
5	3525
7	2191
4	2309
4	1805
3	2427
4	2351
5	3538
4	5225
5	1790
5	5211
4	2193
4	3302
4	3871
6	2616
5	4609
4	6604
6	4070
4	1354
4	6582
6	3584
6	2182
5	6141
5	2477
7	3951
6	2253
6	2481
5	2710
6	3035
3	3766
1	2076
1	3457
4	4303
7	1872
6	5835
7	2713
4	1663
2	5600
4	4878
6	1587
7	3603
5	2324
4	2592
5	2636
6	3315
4	5219
7	2485
4	6070
103B2MN19AE000000002112NV	
1	3101
3	640
3	1067
3	8944
1	2387
1	1684
6	1422
3	1632
6	9051
3	1120
1	657
6	2068
6	1391
7	2453
3	3928
3	1757
7	1821
6	2814
3	2035
6	3183
6	862
3	1022
2	2779
6	1042
7	1658
1	2993
6	770
1	1255
1	5147
3	1655
1	4070
6	1203
3	3736
3	1098
3	1213
2	5355
6	1279
6	1156
6	1273
2	7464
3	1538
1	2024
7	2114
7	2418
3	1733
1	1035
1	4873
1	705
7	868
3	2570
6	1319
1	3983
6	5138
2	1624
7	1361
6	1150
7	6265
3	1208
3	1827
6	1344
3	2885
1	1247
7	1393
1	2039
7	1185
1	7433
7	1456
7	1676
7	834
7	1036
1	1427
6	1146
3	3086
3	1093
6	4373
6	1151
1	2622
3	1357
2	3480
1	6132
6	5870
7	1669
7	2634
6	1086
1	1416
3	1937
2	2706
6	1869
3	384
7	1252
6	4047
7	1239
7	931
6	2204
6	2243
6	1374
6	2013
3	796
2	4204
1	2113
1	3848
2	1658
7	3676
6	1834
2	8282
7	706
7	2246
2	960
2	2656
1	1417
2	1847
6	1986
0	0
2	2381
3	1652
7	3832
6	1110
6	2623
6	1929
7	1215
2	2512
1	3376
3	1124
7	2587
6	3322
6	1795
0	0
2	5325
6	4380
6	2651
2	1219
2	2770
7	1342
3	4044
6	2004
6	5349
3	2011
3	2143
1	2133
1	1896
3	4732
6	2127
7	5057
7	1643
4	3459
3	1987
6	1734
6	6285
2	883
7	891
6	2489
7	5889
6	4095
3	2456
2	4108
2	1966
104B2FS18AE097006500000NT	
6	6241
3	1949
3	2091
3	2382
5	2405
4	2925
2	2259
2	1902
2	1884
2	2149
2	2236
5	2913
6	1674
4	1929
6	2992
3	2095
4	3001
3	3570
6	2424
4	1502
6	1427
6	2390
6	2114
3	1947
4	1835
4	2227
5	2479
4	3305
2	2165
2	2447
4	3176
3	1691
3	2236
4	1424
4	3210
2	2615
5	2326
2	3934
6	1973
4	2533
3	2636
4	4441
4	2052
4	2997
5	2750
3	1969
4	1684
5	2701
4	2033
5	1685
5	3536
2	2409
4	2468
4	3789
2	2263
2	2666
3	2725
2	2013
2	2710
3	3144
6	2526
3	3331
3	1743
2	1379
2	1976
4	1236
4	2075
4	3788
3	1927
4	2587
2	2324
5	1123
2	3773
4	2929
5	2786
4	4887
6	2408
2	2012
3	2630
3	4356
5	4433
2	2239
3	2214
5	2713
1	8405
2	2120
1	1676
7	3192
7	2817
7	2737
4	3888
5	2227
7	4699
2	2588
1	1880
1	2694
7	3304
2	2542
7	4530
2	2298
2	1929
2	2777
4	3079
6	4300
7	4812
4	2172
2	1826
2	2299
2	1928
2	1989
6	6980
5	2301
4	2586
3	3127
1	2114
1	2665
1	2112
5	4648
7	3730
5	2383
5	3748
2	2677
6	3949
4	2444
2	3879
4	2334
2	2506
5	2537
4	3529
4	2311
5	2302
2	2362
4	2994
3	2642
4	4648
4	2228
4	2204
6	3688
2	3761
2	1576
1	2584
7	2249
7	2249
6	2363
2	2924
2	2270
3	2981
5	4634
2	170
2	2480
7	2184
3	4471
6	3454
3	2183
1	3245
2	2760
105B2MS18AS078008800000NT	
7	5462
7	2632
4	2274
1	2809
2	1987
4	2617
2	1576
2	2447
6	2072
3	2727
5	4648
3	2214
2	4268
5	1718
3	4369
7	1703
3	2313
3	3643
2	4388
5	2535
1	2807
6	2077
6	1470
4	3403
3	3799
2	2345
3	4145
6	5460
5	1705
5	1825
6	2410
6	1596
2	1558
4	2247
3	2035
5	4194
1	3091
1	3001
6	1778
6	1437
6	3476
6	3617
1	2106
1	2168
2	1916
6	2409
6	3890
5	2774
3	3744
2	1589
5	2365
3	2088
5	2012
4	2493
3	2239
3	3987
2	4807
3	1451
3	2510
6	3858
6	3893
6	1664
5	2897
3	1883
2	2095
4	5373
5	3330
4	2605
4	2432
2	3473
3	2169
5	3940
7	1322
3	4767
5	3401
6	2946
3	2093
6	1712
1	2153
1	1673
4	3749
6	2416
3	2702
3	2399
1	1791
2	1992
4	4641
4	2537
6	2280
6	1745
6	1819
6	4076
6	2652
2	2200
1	2811
1	2961
5	1650
6	2107
5	2254
4	2937
2	2761
2	2237
2	1632
2	2368
2	2232
6	1669
7	1488
6	2336
2	3112
1	2084
5	1716
5	2497
5	2064
6	1564
2	1913
1	1785
4	2333
6	2118
6	3496
6	2697
5	2761
4	2407
5	2707
4	4005
3	2370
4	3051
3	3297
2	1725
3	3082
5	2382
5	2516
4	4047
6	2031
3	6439
6	1610
4	2602
3	2093
4	3533
2	2021
1	2036
6	4098
4	3005
7	2245
6	1853
1	2296
1	1930
3	3679
6	2207
6	2152
6	1197
6	2039
7	4258
5	2188
4	1631
2	3999
2	4780
118B1FS18AE106006900000NT	
5	4195
3	2443
6	3444
2	3443
2	2428
2	3111
7	3827
7	1724
7	2094
1	1776
3	3681
4	2214
5	1675
5	1847
5	2145
1	6050
1	1665
1	1820
7	1814
6	2390
7	1914
1	2923
1	1801
1	2160
5	1807
6	1989
3	1765
3	1933
1	2427
4	1481
6	3278
4	2907
4	2084
1	3277
5	2602
7	2614
1	1644
1	4952
1	2014
7	3383
3	4333
7	2789
6	1646
6	3083
4	4336
1	3920
1	1713
4	4018
3	1838
1	4948
4	4980
3	1662
3	3081
3	3437
3	2525
2	1907
5	2273
2	4753
5	2214
3	3894
4	4010
5	3453
7	1386
1	1428
1	1808
1	1329
4	2806
6	1994
7	2523
1	1602
1	2151
2	3814
4	1749
7	1381
1	1088
1	1444
3	1616
6	1705
5	3264
7	4363
2	1671
3	3214
1	1544
1	3648
6	2448
3	1966
5	3991
3	2274
3	3598
5	4520
3	2783
7	1861
3	1560
5	3482
7	2465
7	2247
2	1850
2	3693
3	2598
6	2733
5	2594
1	1611
1	2644
2	3036
3	3550
4	2278
5	1977
7	1413
3	2238
3	1610
6	3175
7	2342
6	2661
3	2047
6	2277
2	2493
5	2404
3	2556
3	2944
6	1833
6	5828
7	2437
4	1757
2	2071
6	2550
3	1981
6	1970
4	4806
4	2355
6	2721
7	4060
2	2067
4	2243
7	2354
4	1977
6	1777
2	3300
6	7477
3	2404
2	2459
4	1896
1	1826
6	2414
3	2297
4	1623
6	1861
3	2180
4	3320
7	2108
3	2246
4	1395
7	3132
3	3281
1	3234
1	1778
2	2927
120B1FS18AE057004400000NV	
2	5015
1	3662
4	3288
2	2536
7	3078
6	3263
4	1768
7	1877
7	4739
1	4999
1	5387
4	4075
5	4204
5	5121
5	4890
3	5565
1	5112
4	5513
7	1859
6	4765
6	2073
5	3197
2	6874
3	3344
6	4178
6	2817
6	4273
4	5854
1	3361
3	3043
1	2015
1	2455
1	4745
6	2236
2	3195
1	3314
1	1921
1	5249
4	1655
6	4333
5	2796
7	4358
3	2436
1	2619
7	2864
6	1942
6	2471
2	4240
5	4007
4	4793
6	4869
5	6910
6	3261
5	3611
6	4242
6	3275
3	3034
4	2005
3	3733
7	4453
2	3023
7	2521
6	3408
1	2018
1	3730
5	4567
4	3614
3	3776
3	5647
6	4537
3	6146
5	2198
3	2193
6	1771
4	2779
2	2502
5	2697
3	3451
1	1963
1	3625
3	4175
6	1845
2	3459
6	3629
4	6300
3	2535
6	3765
5	1798
3	2627
4	2677
5	3127
5	3545
6	4300
6	3580
4	2388
3	2623
3	4089
1	2040
7	4020
3	3155
6	4502
4	3176
1	4616
1	2978
7	2412
4	2254
7	4937
6	2893
2	1947
2	3096
6	3226
4	2611
4	1686
5	5029
3	3331
5	3396
4	3333
1	2370
2	3294
5	3132
7	3830
6	3093
6	7713
5	2238
4	2718
3	3432
4	4271
1	2583
5	2664
6	3004
5	3044
5	2230
1	3105
1	2608
3	2790
6	3815
7	1423
6	3678
5	4774
1	3356
5	2680
4	1825
6	4643
7	2419
2	4172
1	2951
5	4559
6	2477
1	3899
3	3907
3	4567
6	5414
4	2882
6	1781
2	3713
2	2936
122B1FS19AE056004500000NT	
1	4163
1	2007
4	3605
7	2702
7	3381
7	2626
2	8894
3	3420
3	3789
3	2465
4	2984
4	2856
6	3198
7	2077
6	2796
1	2822
1	4389
1	1509
6	73
7	2229
6	2336
1	1702
1	4951
6	1590
2	4230
1	4740
2	2315
6	1988
0	0
6	3204
2	6248
1	2398
3	4219
6	1726
2	6695
2	4249
1	4506
2	2011
1	3328
6	1579
6	3377
7	3680
1	3015
1	3108
5	4232
7	2815
4	2935
6	5250
3	2401
1	1724
1	2160
1	1838
1	1383
6	2932
7	2719
2	2969
4	2543
2	3052
1	2795
3	3186
7	2096
4	2188
4	2687
2	3570
3	2959
5	3184
6	5519
3	2995
4	3409
2	6088
2	2483
2	3154
1	1952
4	2456
1	2995
2	2790
2	3055
3	3910
2	1712
2	1722
6	2334
3	2840
3	4649
5	3486
3	2210
5	2976
4	2311
5	2031
3	4445
4	4442
1	2809
4	4590
2	2145
5	2377
1	2245
5	2951
7	2671
3	4594
1	2360
1	2827
1	4322
2	3773
3	2136
2	3758
4	2066
4	2412
5	2084
4	2315
3	2405
3	1399
2	4061
5	3462
4	2552
4	2383
1	2002
1	2809
1	3535
7	2071
6	2859
6	2971
2	1841
2	2374
2	1903
3	2872
3	2559
2	2219
1	3029
1	1545
1	2513
7	2171
7	2646
7	2291
1	1785
1	1866
5	2588
6	3314
6	1841
7	2843
2	2384
2	3322
3	1910
6	2774
7	3216
6	2737
5	3503
5	3169
5	5160
5	3467
6	2127
6	2564
2	4218
3	4234
3	3378
5	2577
5	2756
4	3127
123B1FS25AE030007400000NT	
3	4479
2	2252
5	2621
3	6949
2	3471
2	2470
6	4020
7	4341
6	3665
2	2007
2	1784
3	6907
5	6501
5	2567
6	6546
3	2883
1	2739
5	4104
2	3185
6	2107
5	3821
5	4473
2	2070
1	4849
2	4011
0	0
2	2999
4	6880
5	6052
5	2073
2	2152
2	3228
5	1928
5	1978
4	3398
3	2714
6	7013
3	3081
5	3866
4	1679
3	5158
0	0
3	6682
4	4423
5	3687
5	2240
4	2513
2	2917
4	3215
3	2031
4	6647
5	5194
4	2977
6	2660
6	2726
4	4399
5	3053
3	5695
4	2590
0	0
3	2998
2	3139
4	2822
5	3555
6	2686
5	2446
3	8339
3	3155
4	1836
5	5715
5	5384
4	3366
4	3137
7	1670
3	2515
1	2692
3	4563
3	2157
5	1872
3	3067
6	4683
5	3351
6	1615
5	1379
5	2849
5	4438
4	3062
4	6196
3	6588
3	3341
5	2777
5	2970
5	4664
2	4076
3	3675
3	3011
4	3722
3	2742
5	2904
5	3542
5	1888
6	2665
3	5715
2	5064
5	3724
4	6055
5	4321
5	2742
2	3583
6	4516
5	4811
4	5849
2	4353
3	1518
4	9306
2	2865
2	7888
7	5054
4	2498
4	3195
5	6706
4	4793
5	3793
5	4073
0	0
4	1805
4	2227
4	2566
2	3312
5	4026
3	3206
5	3425
4	7843
5	2727
7	3453
5	4305
4	3096
3	3483
4	4335
1	3370
2	4487
4	2961
5	3361
5	3127
7	2925
6	2354
6	5360
5	293
2	3119
2	2731
5	3822
3	4125
1	4833
0	0
3	2473
4	3917
126B1FS20AE089009900000NV	
0	5350
0	2242
2	1798
2	2499
2	1888
6	2602
4	2249
4	2589
2	1808
2	2329
2	2769
6	1687
2	2458
6	4653
7	4769
2	2725
3	2251
2	5671
4	2828
6	2921
7	1311
0	1908
0	4990
2	3981
4	1409
7	3342
7	5386
2	4681
7	4089
3	3428
0	3356
6	1612
2	4211
7	2079
0	3324
0	6767
7	4683
2	2638
6	2343
4	2546
2	1708
7	2204
2	2820
0	4226
2	4403
7	5414
7	4155
6	5120
6	2417
3	1636
2	4113
3	1514
7	5429
3	4574
3	3715
3	6481
2	3529
7	1893
3	6123
3	1978
6	2731
3	3867
6	3885
4	2642
4	2605
6	3913
6	2325
2	6269
2	4803
3	2342
7	2736
3	2045
2	3849
3	1867
1	2751
6	1827
5	3187
3	2925
3	1161
6	2296
3	8911
4	1461
1	7210
1	2200
7	1614
7	2071
4	4752
2	2481
3	2499
6	3455
4	1917
6	3374
7	2145
6	1567
7	2624
3	4077
3	8591
0	4822
3	3176
6	2590
6	5132
6	2721
6	2113
3	3388
6	4879
2	5814
2	3444
3	3790
7	1590
2	3209
7	4152
7	1798
7	2523
7	2912
6	2263
3	2586
3	2577
3	697
3	2673
2	1830
7	2348
4	2671
4	2074
6	1993
0	3639
0	3143
3	2137
2	2615
2	141
7	2140
4	1368
4	2011
2	1482
0	5383
0	4192
7	4460
4	3097
7	1486
6	2158
6	2766
6	1575
3	2739
3	1329
7	2380
4	2107
7	6148
4	3505
2	3602
2	4032
2	4529
7	2372
7	3826
7	4087
6	1741
3	6431
0	0
127B1MS19BE054004400000NV	
1	2129
7	2003
3	3635
1	2560
1	1440
2	2981
7	1290
7	1060
5	3477
7	3419
7	1764
7	1278
2	2976
3	1652
2	1477
7	1643
7	2388
4	1896
1	1997
1	1759
1	1579
7	2641
7	1531
5	3679
3	4086
4	2571
3	2845
4	2922
4	2056
4	1358
6	1456
7	2002
3	2942
7	1210
4	4188
6	2521
2	3147
3	3443
6	1563
4	2282
4	1880
3	1589
4	1785
4	1617
7	3197
3	1441
4	1517
4	2588
4	2678
6	3551
5	2727
5	1952
5	3372
5	1098
4	1328
5	2210
4	1381
6	2619
5	4022
5	1984
3	2807
6	4123
6	2527
5	1839
3	2890
4	3162
2	2632
3	1973
1	1686
2	1901
7	1882
6	3806
5	1837
7	3222
4	3951
4	3028
7	1994
7	1706
4	3807
7	3220
5	1578
3	2390
1	3939
3	1260
6	2416
6	2503
5	2466
2	3636
3	3640
2	4790
4	2826
4	2126
4	8
6	3447
6	3712
4	38
1	2240
7	1735
4	2419
3	4231
4	3909
5	4161
6	1481
6	1269
4	4072
5	3174
5	2013
5	1632
6	3752
6	5526
2	2071
4	3154
7	1869
6	3484
4	2830
6	5160
4	4996
3	6328
5	4192
4	1955
6	2976
5	1730
5	1750
5	2423
4	3369
3	3611
3	2209
2	2820
5	2114
2	2142
2	1943
3	1936
4	994
4	1803
2	2214
3	2046
3	2708
5	2484
1	1505
6	1964
4	3228
2	5843
7	1984
2	2175
7	1411
7	2741
5	2163
4	2304
5	3262
6	1832
6	2582
6	2133
4	2732
4	6363
3	2512
4	3051
128B1MS19AE078008700000NT	
2	4083
4	6344
7	2372
6	3276
6	1532
6	3127
5	1921
5	1560
5	2219
0	1517
0	4787
0	3971
4	1470
4	2335
7	2504
2	2683
2	1892
0	2808
3	1639
4	2876
4	3354
0	3174
0	2077
0	2943
6	4304
2	1708
0	0
4	2421
6	3229
7	1527
5	2550
5	2137
4	2990
3	2023
3	2068
3	1831
7	4907
6	2570
6	6611
3	1395
4	1770
7	1448
2	2514
3	6441
0	2451
4	2002
7	1852
2	3246
2	2666
2	4312
2	5234
4	1991
2	1923
7	2945
4	1126
4	2168
3	3053
6	1145
6	3622
7	2403
7	2841
4	1355
4	2529
6	4092
3	1365
6	1730
6	2786
4	2934
6	2228
6	2974
2	1802
2	2807
4	1513
5	1317
3	2285
0	2225
6	1867
7	2649
3	2125
6	3562
5	3513
7	4660
6	1864
3	2626
4	2604
4	2004
4	2127
3	2131
3	2544
3	2754
6	1672
4	1995
4	1232
2	2604
2	1524
6	1579
4	1878
7	1712
4	1583
3	2608
3	3270
6	1408
2	3124
4	2341
4	733
3	1349
6	2934
6	1924
7	2637
6	1535
4	2845
3	1970
2	2023
2	2024
7	3293
4	1893
3	2179
4	1570
6	2061
2	4652
2	3478
6	3832
3	1982
4	1171
4	1967
4	1446
2	2221
3	2404
3	2340
4	2167
4	598
4	1573
2	1440
3	2947
2	1671
3	1806
4	2186
4	1459
2	2862
3	2393
4	171
7	3374
4	1225
4	2945
2	1401
2	2106
4	2572
4	2489
0	0
4	2036
3	2692
6	3307
2	1548
7	41
2	2333
6	1865
129B1MS18AS109070800000NT	
0	4233
0	5158
5	3883
4	4218
2	5212
2	7279
5	4192
5	2085
2	4823
0	2791
0	3094
2	4008
2	4279
4	3741
3	4069
2	3691
0	2982
6	3288
4	3008
2	5002
2	5355
2	3293
0	3233
6	3202
7	4689
5	4203
5	3479
0	3619
2	6639
2	2574
4	4980
5	3842
5	4066
2	4751
5	4380
7	7127
5	7893
2	3719
4	4494
3	2922
4	2466
7	2972
0	3493
0	3667
6	2707
7	3723
2	5879
5	3837
0	5288
2	6689
1	3327
5	5188
4	3706
4	4754
2	4394
0	0
6	2781
3	7563
2	5599
2	3431
2	5488
2	4246
4	4844
6	4485
4	4145
5	3452
7	4419
7	5331
6	3359
3	4567
3	116
4	4694
7	5271
5	2447
6	3413
2	3090
5	2571
4	2650
7	9043
6	2334
5	2369
3	3959
3	3184
0	2879
7	4867
3	7646
0	6197
4	4481
6	5952
4	6194
0	0
4	4277
5	3364
0	2197
0	3881
2	4641
0	3773
5	3437
0	5231
0	3320
0	1500
0	3022
4	4628
4	4363
2	6482
0	3076
2	4145
3	3379
4	5647
2	3129
5	2808
2	6900
0	3294
2	3226
7	4137
3	4172
4	4095
7	3627
6	3611
7	5335
5	3194
5	3417
4	9020
0	7450
2	3488
3	4083
2	6290
0	5532
4	8186
5	4173
5	3509
5	5032
3	3314
2	4130
6	3766
4	4402
7	3163
7	5189
6	4007
7	3487
5	3337
2	4901
2	6197
0	3947
5	3108
4	5898
5	4004
7	4355
2	3204
2	4527
6	3354
3	3703
7	3905
4	4447
2	4096
3	4603
131B1FS18AE067007800000NV	
5	506
5	757
5	767
5	890
5	852
0	5982
0	3532
5	943
5	3754
3	7975
5	582
0	1500
5	708
5	747
5	6357
5	1974
0	3307
5	895
0	1785
0	1047
0	2223
5	875
0	1028
2	1669
0	1369
0	3934
2	8422
0	1749
5	7018
0	1496
5	1959
5	880
5	1140
5	1110
4	2229
5	190
4	4233
0	2808
0	1449
5	1984
5	809
0	1445
0	1431
0	1995
5	1206
0	653
2	3777
5	4337
0	1266
5	785
5	1814
5	798
5	665
5	666
0	2637
0	6734
0	2594
0	840
0	3028
0	3217
5	2297
0	1477
5	749
5	2564
5	2289
0	1476
5	1558
0	5184
5	1198
5	933
5	798
5	2038
0	2987
3	3569
6	1558
3	1642
3	2578
5	1739
2	2260
6	1441
6	1964
2	1211
7	4038
7	2343
3	1401
4	2957
6	610
3	3161
4	1994
4	842
7	912
4	1239
7	1264
4	2550
4	803
3	1162
4	2106
3	2624
7	3135
2	938
6	1047
5	4737
6	2913
6	2233
7	984
6	1262
4	1123
3	2546
6	2568
6	1737
7	1110
7	1546
6	2582
3	3586
2	3083
2	4596
2	1530
2	2892
3	1610
3	2001
7	1259
4	1048
4	3549
6	1207
4	2150
3	4693
3	2179
3	1195
3	1489
4	6148
6	2119
3	4989
6	1156
6	987
2	912
3	542
3	3013
2	2997
0	0
6	1148
6	1063
6	1683
3	3579
7	2542
6	2421
7	7429
6	2737
7	1218
3	90
7	3159
6	3413
6	2543
7	1644
3	1030
3	1387
3	2090
132B1MS22WE088008900000NV	
5	2886
5	2372
6	4606
4	1605
5	1732
3	3807
7	3990
6	1593
6	5003
3	2168
1	2746
1	2141
6	5331
7	1253
7	2876
1	1634
2	3431
5	4428
6	3111
6	4821
6	2498
3	4399
1	5501
3	1435
5	5257
4	3248
4	2480
5	5057
4	3299
4	2289
3	1781
3	2581
3	1354
5	2063
3	1611
5	1759
3	2097
4	5177
3	4251
5	6372
6	3394
6	1794
1	4561
3	5189
3	3583
1	701
6	2453
6	1968
4	1947
3	3820
2	4557
6	2625
6	3908
6	4900
4	2137
4	2222
5	2145
5	8115
5	3105
6	1897
4	2158
4	5262
4	2486
3	4171
4	1662
4	3150
6	2857
6	2076
4	1456
1	1805
4	3712
1	3887
4	2839
6	8536
2	1401
2	2881
4	1931
4	1484
3	3947
3	4809
5	4324
4	2180
3	3286
3	2803
6	3075
4	3638
4	3564
5	2876
5	3212
5	2087
7	2100
5	1555
6	1954
5	2288
5	2341
4	2378
6	3636
6	2693
6	1883
2	2138
1	2716
3	2324
2	4630
3	2000
5	6630
5	1385
3	1393
6	2102
4	3820
3	2877
6	1938
5	2225
6	2104
6	4460
3	1179
4	3243
6	2570
5	2823
4	4095
5	1726
6	2324
2	1185
5	4009
3	6945
2	4323
5	3247
2	2154
1	2826
2	2643
7	2665
6	1331
6	3916
3	3912
5	2312
2	1864
6	4234
5	2413
5	3835
7	2788
7	1768
6	2987
2	1777
3	2620
2	1783
6	4798
7	2095
6	1867
3	2042
3	3135
2	1981
4	2566
5	5934
5	1920
5	3974
3	2185
4	2347
135B1FS19AS064006400000NT	
5	7480
5	2152
5	1882
0	2656
0	2382
0	2822
5	1867
5	2438
5	1694
0	3091
0	2999
0	2890
5	6230
5	855
7	3478
4	2002
0	3785
4	1896
0	6648
5	1482
5	4326
0	5216
0	1156
4	1149
0	3181
0	1318
0	2026
4	1793
4	2491
0	5990
5	2572
5	1689
0	2453
0	1417
7	7051
5	2629
0	1397
0	1099
0	2998
4	1539
5	4574
7	5338
0	483
0	2930
4	3259
4	2320
0	2789
0	2384
5	2245
0	2503
5	1270
0	4378
0	1366
5	1552
5	2286
0	2716
4	2430
0	1282
0	1828
0	3082
5	2632
4	6817
5	2386
0	2562
0	2431
4	2753
5	1868
5	2748
5	1979
0	1289
4	2686
5	595
3	3229
5	1984
2	1470
2	1789
6	1207
6	4845
0	1151
0	1586
6	1569
3	1350
2	1251
6	2892
2	4807
5	2720
6	834
4	2710
7	2150
4	1890
5	3168
5	1604
2	2684
4	3322
4	5651
0	3186
3	3468
3	2118
3	2822
4	762
4	2198
4	164
4	3374
6	3179
5	1854
4	1796
3	2217
2	3238
6	700
4	4022
5	2305
6	2793
4	2832
4	3128
4	5194
6	5459
6	1504
4	2524
2	1102
7	2819
5	2222
4	2233
3	1272
4	904
2	1885
7	2339
3	2302
2	1028
2	1290
5	1969
2	490
7	2873
4	2239
3	2350
2	1430
4	891
5	2043
4	1629
6	3921
6	1504
5	1478
4	4581
4	5440
7	5493
4	3245
2	3095
5	2319
5	1942
7	2130
5	1466
5	4725
4	2430
3	3706
4	2334
3	2467
6	8437
139B1FS20YE033004300000NV	
0	1618
0	2519
0	2376
5	1351
0	1466
5	3722
0	1698
5	4497
5	2027
0	2258
0	1467
0	4298
0	3307
5	4966
5	1319
5	5670
0	5365
0	4629
5	1818
5	2822
0	2575
0	2786
0	2612
0	1831
5	2407
0	2174
5	1781
0	2144
0	1798
0	2915
0	2201
0	1013
0	4103
5	3333
0	2444
0	2319
0	3316
0	2507
0	2694
5	2696
0	4062
5	2206
0	2212
0	2390
5	4364
5	2155
0	7372
0	4426
0	6562
0	2286
0	1488
0	2236
0	1527
5	2073
5	2138
0	6240
0	2925
0	1642
0	1577
5	4071
5	2869
5	3681
0	3199
0	1420
0	4465
0	3483
5	1803
0	2639
0	1531
0	838
0	2885
0	6001
2	4692
4	1992
0	1612
2	2804
4	1464
4	2111
3	2422
3	1978
4	1597
3	1622
2	2360
2	2451
1	1157
0	2838
1	2069
0	1918
0	1624
0	2807
1	1339
0	1672
1	2295
0	1375
0	1629
0	1337
1	1614
0	1945
1	1724
0	4306
0	1431
0	123
1	2393
0	1365
1	1538
0	1436
0	5496
0	1756
0	1622
1	6918
0	154
0	1243
0	1598
0	1438
1	1898
0	1817
1	1481
0	2122
0	3168
0	3686
1	4727
0	1798
0	3259
0	1892
0	1694
0	3557
0	0
0	1625
0	2076
1	3600
1	1460
0	2795
1	4412
0	2452
0	7675
1	2122
1	4423
0	2388
1	1442
0	1607
1	1599
0	1082
0	2923
0	1493
1	2281
0	1817
1	1660
0	1709
0	1549
0	3970
0	1716
0	1424
1	3966
1	1944
1	6051
0	2250
140B1MS20MS067004200000NV	
5	1590
2	5563
2	2412
6	3019
7	3439
3	5079
7	4947
6	1662
7	1642
1	2186
2	3214
1	3521
5	1518
7	1868
4	2943
0	0
3	6763
1	2278
6	2439
1	2790
1	2461
5	2334
1	1220
7	3242
3	3937
5	3808
1	2899
5	4084
5	1139
6	8753
1	2838
1	1568
1	3790
7	6953
1	2602
1	3181
6	2181
5	2993
4	2354
4	4864
2	5482
1	1717
4	2882
5	3064
5	1875
3	1401
4	2341
4	1384
1	2827
2	1980
4	3185
7	2254
4	3239
1	1630
0	0
1	2985
3	2608
7	3678
3	1781
4	4120
7	3711
4	2876
4	2487
7	4335
5	5416
1	8
4	3221
3	4105
3	3296
1	859
4	5064
4	1887
3	1965
7	4265
4	8880
6	2893
6	1282
5	2117
3	3238
5	3342
5	4658
5	903
4	1856
4	5399
3	2937
7	3732
2	5066
5	5338
4	3062
5	1552
2	2606
4	2935
7	3651
3	6265
0	0
5	2063
6	3089
5	2782
7	3403
1	6159
4	8255
3	1651
3	4993
4	6166
5	3822
4	2677
5	2975
3	6522
7	2790
3	6028
7	2005
1	3203
1	2995
1	3560
5	2720
4	3135
6	3432
4	3154
4	4374
5	7635
2	3410
1	1614
3	5450
7	1270
5	4006
7	1428
1	5977
1	2189
1	2253
7	2568
5	3781
7	2797
2	2182
1	3626
1	1772
7	2274
6	2968
6	2576
4	7112
4	4904
5	2617
3	6051
4	2979
4	7463
2	4816
2	5763
1	2958
6	3944
2	3776
2	2250
2	5796
1	1229
3	8241
7	4809
7	3152
7	2933
148B2FS22AE075009200000NV	
6	4215
5	1497
3	1847
3	3766
5	3225
5	5092
4	393
1	3358
4	2139
3	1510
5	2945
6	3691
5	5577
5	9134
7	3140
5	2871
7	5049
4	3011
6	3046
4	2082
3	2742
4	2776
4	2473
5	3906
4	2532
4	5606
5	3135
5	1748
5	2569
3	2115
6	2465
2	2118
6	4244
1	3076
6	833
2	2485
7	2752
6	3090
6	3664
5	2457
7	1691
5	3166
7	2447
2	2992
4	2795
7	4290
7	2205
7	1488
5	2189
5	2474
7	2228
6	3056
5	1788
5	3121
5	3310
5	1317
4	1848
5	3909
6	3287
4	2699
4	3618
4	4349
4	1319
6	2103
5	4685
5	9809
3	3743
5	4463
4	8905
3	1894
7	1503
5	2283
4	2333
6	3592
2	1768
3	4948
4	1340
6	4295
1	1250
1	1011
1	1297
4	4116
4	2837
5	3437
6	3313
5	1201
4	2114
3	1329
3	2410
4	4483
2	3363
6	1707
5	1704
4	3417
6	706
4	2158
5	980
1	2464
5	1682
5	2627
7	3189
6	2923
6	2941
1	1541
4	3319
4	1645
5	2000
5	2000
5	1516
4	1986
4	2692
2	2935
5	1649
3	2139
5	1215
5	3975
4	1827
4	2562
5	5805
5	1348
6	2953
3	626
5	1889
4	1767
6	3166
5	1333
5	2512
5	2225
5	955
5	1883
3	770
4	3277
2	4127
5	1193
5	1742
4	3508
5	3067
5	1401
6	3121
6	3387
5	5335
3	1788
1	2524
4	1794
5	1955
5	1903
6	3615
4	3043
4	425
4	2297
6	7202
2	2273
5	2255
6	2742
6	2172
5	1599
149B2FS19AE077008700000NT	
2	1566
7	2013
7	896
1	3289
5	1198
4	2825
2	665
4	991
4	960
1	1016
7	1961
1	1423
6	999
5	358
3	934
6	1529
1	2405
3	1181
7	108
6	1694
1	398
2	2912
2	888
2	97
7	1208
4	2990
3	845
3	2560
5	2254
3	2478
5	2705
6	316
7	835
5	1588
1	1594
2	724
7	227
1	1896
2	3057
5	1139
2	173
7	7078
4	418
6	1161
3	2437
4	1801
4	954
6	1509
7	1318
4	5147
5	1543
2	2326
2	1519
2	2660
6	1172
2	901
2	1391
3	848
2	2283
1	1125
5	809
6	4712
5	4135
4	1401
1	4493
4	3435
7	1661
6	1154
2	2656
7	1784
5	413
1	869
6	1502
7	768
4	1198
3	5942
5	2093
6	784
4	1441
2	2501
7	1001
6	998
3	2296
7	712
1	1456
7	1928
2	1436
4	3228
5	1245
5	2108
3	2696
6	1877
7	1521
4	3595
4	2305
4	1112
1	1071
6	3086
5	848
5	7086
6	5898
1	167
4	4254
7	1412
7	5036
4	1704
1	2265
4	1267
7	1209
4	3510
6	2568
5	3405
2	2088
5	1664
5	443
6	5868
1	1706
4	2708
6	2649
5	1351
7	3732
2	3369
4	1426
1	2773
6	992
5	2260
5	3833
1	958
2	1581
6	1731
6	5354
6	1838
2	1992
7	1916
4	4395
1	1103
4	2231
2	1514
1	1342
2	1483
1	2395
5	1438
6	2807
7	4579
6	2003
4	2421
5	284
5	2378
6	790
3	4715
5	270
1	2351
0	0
7	1350
6	1136
1	2593
150B2FS19AE045007900000NV	
1	3481
7	2251
3	3585
4	4619
4	1875
3	3770
7	3433
1	2577
7	4574
1	2405
4	3068
3	2976
6	3597
4	4054
5	3218
3	3686
4	2169
4	2215
4	2631
3	2365
3	2877
2	5223
4	3231
3	2525
7	3520
6	3330
6	3849
4	3765
3	5121
5	3808
3	3638
1	5076
4	3756
1	5116
5	3368
4	4132
1	2880
1	1932
1	4148
6	3792
6	2363
7	2286
7	2047
1	3225
1	3416
7	2180
7	2059
6	3624
4	2518
2	3710
3	4138
3	4142
5	2926
5	2197
5	2400
5	3106
1	4552
3	3963
4	3829
4	3400
3	4990
6	3832
6	2263
6	2633
1	4070
1	4347
3	2610
1	3147
1	3144
7	2807
7	3019
2	3419
7	4814
7	2079
3	5874
6	4706
5	6264
3	4396
3	3141
1	2491
4	4344
3	3194
2	2180
6	2818
3	2123
3	2207
4	2287
5	3666
6	2489
6	2337
1	3521
3	2528
4	3028
4	3732
1	2200
4	1828
1	4084
3	3987
4	2305
1	3096
3	2551
4	2857
3	2059
6	3573
4	4633
5	2579
6	2100
5	2073
1	3095
1	2211
3	2987
5	4117
6	2090
7	2121
4	2751
3	6034
4	3664
4	4075
7	3205
5	5551
4	2247
3	3095
4	2830
7	3757
5	4092
3	3382
1	3469
1	3651
2	3109
5	2240
7	2137
6	2575
1	3093
5	4313
3	3918
6	1933
6	3301
6	3712
1	3087
1	2535
1	3948
6	2474
6	2909
6	2557
3	2701
1	2558
2	1964
7	2708
6	2875
7	2743
7	3398
2	3102
7	2547
4	2159
3	3962
3	2888
151A1MN20YE000000002122NV	
6	2357
4	9095
4	2232
1	5674
4	1165
6	3403
6	1810
2	1411
4	1580
4	2632
3	2489
1	2104
4	1244
4	825
4	5688
4	5103
1	3136
4	3612
1	2965
1	1971
1	3214
4	5764
6	1569
1	3560
4	2973
2	2997
4	1442
4	1425
4	3244
1	3572
2	7358
2	1694
4	865
4	1650
2	2066
4	819
5	4839
2	2191
1	2205
6	3186
6	1040
4	1056
4	2707
1	4752
6	1137
6	988
1	3332
2	1980
4	1735
6	936
6	1312
4	3117
5	4627
1	4642
4	3871
6	2720
6	6167
4	1044
2	2070
5	5132
5	1768
4	2886
1	2173
6	4051
4	2282
6	1986
5	1617
3	2184
5	1377
4	1722
3	2074
4	1585
6	1803
4	1952
3	2896
1	1903
4	1600
0	0
1	3484
2	3365
2	2102
5	1535
5	3473
4	1517
5	2593
2	1911
5	3165
1	1814
2	3639
6	1225
2	3225
4	1760
5	5964
3	1891
6	3361
3	1994
1	3315
2	2323
2	1885
5	3825
2	2925
3	8206
5	4267
5	1119
6	1417
2	5732
3	3998
1	1883
3	3237
6	1324
3	2584
2	3457
3	6191
3	6478
2	2950
1	1709
3	2165
5	2096
6	1670
2	2084
6	1534
3	2434
3	3720
4	1939
4	6414
3	1558
2	3628
4	3461
4	1337
1	3115
5	1191
4	3851
1	3149
2	2032
1	1943
5	2316
2	2541
5	4259
1	4037
6	3518
4	2405
4	3991
4	2376
5	2647
4	2866
2	3860
4	2754
1	5047
6	1585
4	3640
3	3480
6	1431
4	2653
1	6597
3	2190
2	1501
152A2FN20AE000000002212NT	
3	4621
3	3738
4	4927
5	3352
3	3802
3	2787
5	6437
4	6406
4	3754
3	3141
3	2172
3	3553
3	6946
3	4171
6	1894
6	2136
2	3321
5	1321
3	9433
2	3377
5	1861
5	3182
5	1194
2	1515
2	2636
3	4725
3	2287
2	4152
6	7244
2	3217
2	3347
2	6476
2	1620
2	3269
2	2758
5	2493
2	2484
6	3752
5	3074
2	3489
2	2866
5	2777
5	4585
5	6029
5	5185
3	3227
4	2378
2	3431
4	4946
6	4574
2	2976
5	2793
2	2866
2	2104
0	0
5	2980
4	6127
3	4864
4	2750
2	4849
5	4923
3	5660
5	4021
2	2351
3	2269
5	1345
3	5554
3	6295
5	1880
2	4581
3	3889
5	1336
4	5054
4	2009
2	2220
2	1601
4	2761
2	3031
2	3016
5	3610
3	1928
5	2777
3	2611
3	7572
2	5711
3	2313
4	2842
3	2696
3	3970
3	3567
2	2918
4	4884
5	2317
3	2376
3	3446
4	2955
4	6426
3	2703
4	5520
3	5614
4	3396
3	4250
2	5352
5	5159
4	4121
2	2560
5	2055
2	3349
3	2926
3	3947
2	4153
2	3435
5	1318
2	2108
3	4068
4	2773
4	5685
4	2946
3	3656
5	2847
4	3623
4	2690
3	4608
2	3657
5	1603
4	4017
4	7864
2	3874
4	2448
4	2362
2	4888
2	3058
6	3156
2	3025
2	2863
6	3112
2	2286
5	1536
2	3302
3	4374
3	1724
3	2458
5	4662
5	2069
3	2783
4	4507
3	3886
4	2214
3	4179
3	3163
2	3299
5	1927
4	2721
5	2132
3	2906
2	4314
153A2MN31OE000000002112NT	
2	3018
2	2914
4	3091
7	3573
4	2731
1	2414
3	6297
2	4783
6	6905
5	2479
5	4257
5	3461
2	3595
1	2889
5	2388
5	2451
2	2484
6	2892
2	5560
1	2367
6	2410
5	1813
7	2388
1	1949
4	3941
5	3212
4	4668
5	3703
3	2168
4	3404
4	2229
3	2282
2	1806
2	3343
4	3194
4	1822
3	6351
5	4360
4	2163
4	2371
4	4000
5	3401
4	3204
5	5403
2	3582
4	3293
4	1844
4	2411
5	3424
5	2244
2	2376
5	1505
2	3174
3	2594
2	6716
2	4044
5	3618
5	4357
4	3039
5	3752
4	5217
4	3195
5	2784
3	2797
4	3844
5	1206
4	2727
5	3318
4	2130
4	1273
4	3962
4	2898
6	5256
5	2334
3	2008
2	1734
4	8323
5	3494
4	2641
4	1948
3	3152
4	5901
3	2560
3	3852
4	2577
3	4097
6	4097
4	1548
4	3628
5	3652
5	2987
4	2765
4	3396
4	2865
5	2631
5	3234
5	5015
4	4687
3	3255
5	2096
4	2616
5	2757
4	4029
6	2936
2	2198
6	1852
3	3374
6	1553
3	3338
2	2917
6	3586
6	3652
7	2538
2	2926
3	3610
4	3111
3	4323
4	4145
4	3286
4	2461
5	4713
3	4552
3	1625
4	2015
5	2157
5	3745
4	2665
5	2958
2	2015
5	3037
4	71
6	3242
3	2827
5	2996
5	3556
3	3506
3	2394
6	3600
2	2362
6	1813
6	2251
4	2426
4	2253
5	3292
3	5572
5	2860
3	2716
5	3292
4	3373
4	2442
5	2979
2	6184
5	2234
3	2529
5	2998
2	1982
154B1FN19AS000000002112NV	
5	3072
7	6470
6	2892
6	2342
7	4341
6	2226
2	5168
1	6008
2	6670
2	7027
5	5650
3	4338
5	2531
4	6309
1	6029
6	2842
0	0
5	2451
4	1780
4	3454
4	2686
4	4591
2	3005
5	1781
4	5393
5	6774
2	8673
4	4036
4	2049
4	2349
3	4145
4	3570
5	9351
2	4903
3	2924
5	5141
4	8635
4	8966
4	3396
4	2846
5	3942
5	4277
7	7193
4	2641
7	8005
6	2677
6	4207
6	3130
2	5241
4	7476
1	2419
2	2012
2	3275
2	3281
3	6919
3	9950
4	1389
2	2625
4	7408
3	3491
5	3367
6	5962
3	4414
3	2939
5	4719
5	3987
3	7213
5	4522
4	2277
6	4920
3	2796
5	2954
2	4305
6	4542
2	990
3	2679
4	3338
5	4451
1	5674
1	4170
4	3622
5	1447
0	0
4	2411
4	4382
4	4562
6	5334
3	2177
5	2879
3	3753
5	3527
5	3752
4	6460
5	3405
5	2815
5	1844
6	4326
2	3709
2	4970
3	5256
5	1709
6	2350
6	3677
6	7598
4	733
3	3521
6	1608
1	6049
3	6378
2	9033
5	4650
5	7870
2	2981
2	3737
4	6148
4	5027
2	3687
4	2557
4	4523
4	2566
5	5508
3	4732
3	5980
3	2406
5	4096
5	1811
4	4316
5	7653
0	0
0	0
4	3365
4	1894
4	9980
4	3289
4	6795
5	5656
5	7487
4	1975
4	7027
4	3570
5	4935
4	5976
6	4273
4	1638
3	5520
3	8392
5	3512
4	3662
4	2842
4	1801
5	9643
2	3065
6	7335
4	2930
3	3623
5	3121
155B1MN19AE000000002112NV	
1	5572
1	3319
2	1847
3	1998
2	5600
6	2886
6	2684
1	2571
4	3595
6	2416
3	921
1	1749
4	3193
3	2566
3	3865
2	4933
4	3370
5	6010
2	3728
4	2062
5	1004
5	3694
3	7949
4	1804
0	0
4	3464
3	2216
3	1245
5	8392
5	3661
2	2909
2	1884
2	5359
3	2550
2	2370
3	3249
2	7461
2	5340
5	7035
1	3193
6	1959
2	3963
2	6663
2	3322
5	4179
5	3513
5	4716
2	2705
3	2484
5	1444
2	1704
3	7591
3	1462
5	6440
3	2516
2	5557
5	2581
5	2690
4	2031
2	2898
5	4590
3	3235
5	8147
5	2075
5	2726
3	2325
4	3790
4	1792
3	2207
5	1712
3	5887
2	7140
0	0
5	4971
3	3790
4	2456
2	3852
2	2373
1	2062
1	9004
4	5981
2	1955
4	3343
3	3538
5	87
1	3721
1	1803
5	1475
6	2825
2	2539
6	2432
4	4135
4	1120
4	323
5	6547
4	2352
2	4535
5	2156
5	3887
1	1601
5	1923
2	5899
5	8162
2	2648
2	3515
2	1393
3	2135
5	1719
5	4305
2	1648
1	1084
2	1655
1	1998
6	1219
1	4111
6	2306
5	1633
5	1472
2	2301
2	2015
5	2360
3	7622
3	3306
2	3464
3	2766
3	1374
5	2306
1	2829
2	2389
2	2445
4	3482
3	5052
4	9302
4	3004
2	2353
4	2755
2	2804
3	1636
3	6955
0	0
4	2622
2	2117
4	2428
4	3104
2	4764
2	2894
1	1633
2	803
1	922
6	1985
5	5488
5	1283
5	3345
2	3359
5	2099
3	3959
156B2FN18WE000000002112NT	
7	2012
5	3962
7	2016
4	4993
1	2533
1	1805
7	8281
1	2238
6	2085
1	1995
1	1521
5	3998
6	6418
1	1966
7	1896
1	2954
3	5739
7	1822
7	3096
7	3872
6	2843
4	2858
1	1721
1	1915
6	4428
6	4700
5	3158
5	2057
4	4280
3	4673
5	2298
6	5001
3	3048
5	5646
5	1863
5	4127
6	3738
3	3999
3	2524
2	5437
5	6833
6	1920
4	5728
5	3325
4	2488
4	3600
3	1904
3	9342
4	3601
5	4683
3	3890
4	1846
4	2739
3	3289
5	7490
5	4335
4	3716
4	6116
4	3249
3	5732
4	2722
4	5209
3	6347
4	2027
3	5738
4	1808
4	2233
3	2920
5	3221
5	9455
4	2100
5	2829
5	4886
6	2270
2	3162
2	4227
3	2280
0	0
2	2432
2	2386
4	1792
5	1713
2	4041
5	1424
3	2570
4	2393
5	3187
5	2297
3	5592
6	2695
4	4354
4	4024
5	3115
2	3499
6	2131
1	2214
5	3700
3	4119
5	4033
3	3568
5	3413
3	1649
5	4524
5	2706
5	2761
3	2615
3	2300
3	3603
4	1955
5	5240
2	3036
6	5088
2	3208
6	4139
3	2853
4	3677
5	2433
3	3242
3	3132
6	2050
6	2131
4	3191
5	4128
3	2332
3	2362
5	4848
6	2339
2	2487
2	2144
7	2571
2	2290
5	2387
6	3660
6	2944
4	4341
2	2328
1	2264
3	3902
5	3197
6	4696
4	3082
3	2549
5	2257
2	4291
5	3855
3	2954
5	3708
4	5848
5	5769
4	4124
6	5360
5	2750
5	2781
3	5760
5	3199
2	3931
157B2MN42AE000000002112NV	
5	3413
3	3498
3	3954
5	2145
3	4277
3	3433
3	2620
2	3339
1	3966
1	2690
2	2371
2	4166
4	2439
4	3117
3	2761
3	3042
4	3363
4	2482
2	3138
3	4864
4	2944
4	2355
5	2734
3	4500
6	3287
4	3686
2	2390
6	4225
6	4378
5	2460
3	1444
2	4099
3	1477
2	1914
5	3111
6	2664
5	4289
5	4547
3	1848
3	3658
6	3003
3	2924
6	3192
6	2071
2	3726
3	2119
1	4630
3	3171
3	3127
3	2393
5	3820
4	4679
4	2124
3	3177
4	1806
6	5196
3	4101
3	3128
4	2904
5	2905
4	3998
2	3894
4	2927
5	2699
3	2141
2	3412
2	1421
2	3426
4	4452
3	2553
4	2401
4	3735
1	4199
0	0
4	4141
2	4626
3	4199
4	3225
1	1560
1	1528
4	3443
6	5433
6	3879
6	1622
3	4565
2	3262
2	2526
2	3131
3	3772
6	3219
6	3606
6	2132
3	3218
5	3771
3	3514
3	3804
4	4155
5	4201
2	3334
5	3070
5	4642
5	2124
6	3847
3	4336
5	3262
3	3630
2	3759
5	3429
4	5636
4	5738
4	2495
6	2767
5	2042
5	2432
4	4222
4	2680
4	2172
6	3727
2	4100
4	2852
5	3256
5	4907
4	4377
3	4299
4	3623
5	3488
4	3868
2	2976
4	2246
5	2216
5	2307
4	2103
2	5686
6	2416
6	2885
5	3514
4	3181
5	2257
5	2866
3	3348
5	3118
2	3539
2	3031
5	3009
4	2918
4	3145
4	2154
4	4083
4	1846
4	4083
4	3202
5	3488
5	4514
5	4379
5	2026
4	3643
158A1FN24MS000000002122NT	
2	3686
2	1491
6	5218
3	2104
6	1677
1	2590
6	1855
6	2060
6	1156
4	1854
6	1288
6	1950
3	1169
3	831
4	794
4	435
4	1239
4	9866
6	4167
6	1823
6	5286
6	2136
6	4012
6	1475
6	936
3	5990
4	1828
4	894
6	1065
6	5559
6	676
4	719
4	1702
3	787
4	718
1	5307
3	908
3	3361
4	3838
6	6930
1	1419
1	6112
0	0
1	2784
4	1488
4	860
4	1453
1	1929
6	5172
2	2665
4	808
3	1188
6	116
1	812
6	976
6	3424
3	1568
3	1248
1	1132
4	6842
4	626
6	2506
1	1297
2	3065
6	3220
6	2450
6	773
3	2785
3	640
6	733
6	834
4	728
6	934
6	1430
4	2119
1	1598
4	5113
4	1929
1	1791
1	3485
4	1216
4	2063
4	3548
1	2683
1	0
1	0
1	0
1	0
1	0
1	0
6	0
6	0
6	0
6	0
1	0
1	0
1	0
1	0
1	0
1	0
1	0
6	0
6	0
6	0
6	0
6	0
6	0
6	0
6	0
6	0
6	0
1	0
1	0
6	0
1	0
1	0
1	0
1	0
1	0
1	0
1	0
6	0
6	0
6	0
6	0
6	0
6	0
6	0
6	0
1	0
6	0
6	0
1	0
1	0
1	0
1	0
1	0
1	0
6	0
6	0
6	0
6	0
6	0
6	0
6	0
6	0
6	0
6	0
6	0
6	0
6	0
6	0
1	0
1	0
1	0
6	0
159A2MN20AE000000001111NV	
1	2427
6	2299
5	1981
6	3440
6	2017
3	1991
4	5959
4	1902
5	2558
4	2180
5	8661
4	2583
3	2468
3	2030
3	5409
4	2569
5	4102
6	1859
6	4894
6	2693
1	1720
7	1394
1	7900
1	1436
4	7068
6	6252
1	5130
5	3679
5	3892
5	3659
1	2180
1	3051
7	2242
1	2074
1	2726
1	3176
1	450
1	1233
7	2934
1	6937
7	2731
7	4014
7	1761
5	2440
1	2656
1	6611
4	3126
7	2359
2	4106
5	5323
6	4165
2	2885
2	2871
6	2285
1	6743
6	2340
5	2021
3	5453
6	1767
1	9110
0	0
6	2737
7	8216
2	6825
7	1798
1	1468
7	3684
2	1956
2	1966
1	2827
7	7676
7	3112
5	3959
6	4618
4	2013
1	3735
5	1447
2	3312
1	1716
6	2539
3	1724
4	3514
2	2814
3	1580
1	1636
1	4420
6	3907
7	3782
7	3470
2	2711
5	2197
5	6016
4	4243
5	2776
6	5222
6	2553
6	5831
2	2144
3	2006
5	1804
5	2797
5	2110
3	3621
1	8158
6	1928
7	1151
1	2600
7	4737
4	2107
4	3736
7	2609
1	3884
7	1549
2	2444
5	3785
6	2592
2	1945
3	2795
4	7340
3	3382
4	2746
2	2577
2	3158
6	1630
6	4661
6	2667
7	1438
1	1409
7	1844
7	1433
1	1359
1	1574
2	2311
5	3400
7	5113
6	2058
6	4805
1	2279
7	2422
4	4051
7	2943
7	2382
1	2576
1	1458
4	6101
5	2007
4	2724
2	4943
6	3436
6	2298
2	3390
6	1734
1	1788
7	1469
1	1555
7	5864
160A2MN21AS000000002122NT	
2	5083
7	2409
2	2065
1	2890
1	4966
7	1256
1	4649
7	2916
1	2111
1	1695
1	1307
7	2414
6	5113
2	2401
1	1839
6	1899
7	1653
1	3117
1	2356
6	2008
1	1668
7	1694
1	2133
7	1997
3	7601
3	3859
4	2650
3	2636
3	2622
5	1044
2	3816
2	2378
6	1850
5	5925
2	1736
2	3561
2	3214
2	2967
6	2460
5	3538
2	3246
6	2251
4	4616
3	4046
2	3292
4	2732
3	8615
3	2795
4	3285
5	2478
5	1226
3	2295
2	1216
2	1482
4	3023
2	2072
4	2468
2	4039
2	6946
3	3306
3	5558
3	5304
4	2391
4	1674
2	1928
5	2725
2	4016
4	3262
2	4168
2	2806
5	3433
4	981
7	6949
7	1196
2	2182
1	2229
4	2548
2	4877
2	1645
4	1524
2	3658
4	2729
4	3673
1	1131
4	4104
3	3636
4	2209
3	4431
3	2961
4	1764
2	3108
1	1379
6	4357
7	1868
7	1961
1	1910
5	3553
4	3952
4	6782
5	3973
3	2737
3	2275
5	2879
6	3598
6	3081
1	2224
2	1961
2	3220
6	8884
1	2276
7	2189
1	2222
1	2280
7	2806
3	4016
5	2687
7	2143
3	4488
2	5577
6	1614
4	3682
4	3023
4	1886
4	2953
4	1868
4	5849
3	3606
5	2169
7	3388
6	3720
1	1802
1	2961
4	6237
3	2934
4	2172
4	3282
4	3003
4	4079
2	3009
7	2962
1	2811
7	1997
7	3018
1	1772
6	4693
4	1965
4	2502
3	2474
4	3403
4	1425
6	4958
2	2555
1	2088
7	2610
1	1944
7	2445
161B1MN22ME000000002212NV	
4	3663
4	785
4	4253
4	1367
4	2566
3	1692
3	2901
3	2508
4	1694
4	1171
4	1954
3	1661
2	6379
4	1846
4	1357
4	1270
4	1933
5	1511
4	2511
4	1057
4	1892
4	548
4	2597
4	3174
4	2286
4	1158
4	1132
4	1470
4	3003
4	1496
4	1710
3	3466
3	3376
4	962
3	2765
5	1699
7	2652
1	2308
4	2655
5	1334
6	4612
2	3193
5	1356
5	1409
3	4953
4	1293
3	5111
5	3717
4	1832
4	1465
4	808
4	2308
4	969
3	3691
4	1787
4	1652
4	3890
4	2661
4	2966
4	1565
4	3988
4	1815
4	1698
4	4859
4	1515
4	1928
4	1327
4	762
4	1432
4	1621
4	1450
4	1126
2	1633
7	1795
2	1580
4	1028
4	3565
3	3164
1	1287
3	1079
5	1497
4	1433
4	1690
4	1706
4	2616
4	1782
4	764
3	2090
3	2689
4	1618
3	1441
4	6607
4	1251
3	5021
3	1149
3	1472
4	4295
4	1453
4	1366
3	863
3	1737
3	903
4	659
4	1465
5	2330
2	1987
3	1915
4	1197
3	2252
4	1345
4	1300
3	1354
3	1150
3	3067
3	4676
3	2195
4	861
3	2054
4	2989
3	1306
3	2508
3	853
3	1065
3	1401
4	895
3	493
4	1468
3	1712
3	4049
4	1605
3	978
4	3143
3	1024
4	2355
3	1841
4	2913
3	1937
3	1083
3	3427
4	1036
3	1699
4	1551
4	987
3	877
2	1738
4	629
4	1446
4	1349
3	1151
3	1714
4	1622
4	2640
4	987
4	1580
3	1056
4	599
162B2FN19AE000000002122NV	
6	3956
4	2759
4	1952
3	956
3	3500
4	1105
3	2090
4	2168
2	1898
1	3350
5	2315
2	6011
4	1668
3	2830
5	2410
4	4580
2	1525
3	65
3	2763
3	1918
3	1304
5	2801
5	1959
1	1805
7	2477
1	3711
5	4637
4	2925
4	1645
2	2588
1	4572
3	3113
4	2827
1	2964
3	1897
6	2243
0	0
2	1066
3	3343
4	2053
7	2468
5	1171
1	3035
6	3249
3	2548
6	3501
6	1647
5	2676
1	2810
3	3863
4	2041
4	2110
5	1959
2	2466
4	2899
4	3686
2	1960
2	3089
3	1334
4	1378
3	3591
4	1851
6	3340
2	2644
3	8131
5	2142
4	1735
5	2225
6	2747
4	2746
1	2232
5	2174
5	6164
2	2544
3	3262
1	2184
1	3389
7	2298
4	2236
1	1565
4	4952
5	3531
1	1529
7	1068
1	2669
4	1768
5	1107
1	1438
4	1944
7	1588
1	5207
5	2756
5	1090
4	1459
4	7032
2	3189
4	2672
7	2545
4	3059
2	1055
1	846
7	1011
1	1841
7	2051
4	2195
5	7
2	1601
4	2522
7	3647
1	4481
7	1883
1	1322
1	1234
7	1983
2	2476
4	2127
2	1992
2	1603
2	1548
7	1593
1	5123
4	1486
4	2288
1	1906
4	1652
2	2090
4	2900
4	1677
3	1862
1	1101
2	1062
2	1223
5	1779
1	1538
1	1426
1	1591
5	2140
7	1685
1	1407
1	3655
3	2814
7	1715
7	1459
7	1213
2	2054
2	86
1	1673
7	1342
4	1210
7	735
7	1162
1	1474
1	2915
2	2259
7	1303
7	1260
163B2FN25AE000000001111NV	
6	1003
4	2886
6	2781
6	3192
1	1309
4	2159
6	1715
1	1415
6	2067
1	1782
4	1128
2	1228
2	5047
6	3205
1	1158
6	2204
6	1425
1	1477
6	2862
2	2461
6	4577
1	1628
3	3715
2	2809
3	6323
1	1465
6	2645
1	3661
6	2524
1	2486
6	3280
6	3329
1	964
6	1459
1	1509
4	3881
5	3761
1	1178
5	2375
1	2129
2	1590
4	3792
4	9172
4	2787
3	2121
2	2957
2	976
6	3751
2	2390
4	1425
1	1334
1	1037
6	1864
1	1068
6	4705
2	571
4	3264
2	1980
4	1805
4	2493
3	4345
0	0
2	2330
2	2214
1	1795
6	949
4	1899
4	2556
4	3107
4	1717
4	2572
6	2019
5	2943
3	2187
2	2934
4	3382
4	2470
3	1864
4	1198
3	1505
4	3002
5	1360
2	9027
5	4227
6	1611
2	1287
2	3974
6	4684
6	3209
2	1379
4	2670
4	1687
2	3125
4	2263
5	4005
4	2811
5	4429
5	3023
5	1269
2	3131
2	1767
6	1164
4	2291
6	5075
6	2751
2	3486
4	2639
2	2747
4	8340
2	2887
2	2074
2	1138
2	2463
2	1821
5	5423
5	2476
4	2556
4	3863
2	1557
2	2394
5	2916
2	1850
6	3796
2	3321
6	1922
2	1507
5	2998
2	2427
2	1671
5	1295
2	1058
6	1454
4	3489
6	3900
2	3368
2	1199
6	732
2	2457
1	2190
6	1622
2	3969
2	3541
6	1581
6	690
1	2884
5	2176
2	1364
2	1163
6	2172
6	2147
3	3347
6	1632
4	2033
2	13
2	2070
2	1330
164A1FN19ME000000002122NT	
2	7600
5	2569
6	3184
2	3561
2	3077
2	1832
4	3442
1	3911
7	2527
1	1858
1	1383
4	2766
6	6766
5	3467
2	3888
5	2094
5	2340
2	3818
6	2859
6	6408
2	2347
6	1677
2	1830
2	2246
5	5385
5	3598
2	2517
2	6794
6	6936
4	7548
3	5941
3	6503
3	2270
4	7881
3	2659
4	2520
6	3343
5	4203
5	2133
5	3841
2	2716
2	3475
5	2980
3	4595
5	4414
2	3678
2	1758
5	4489
5	2413
6	2374
3	2633
2	4022
2	6009
6	2151
4	3839
5	3311
4	1965
2	6200
4	2213
4	4080
3	5685
4	3488
3	5755
4	3708
4	4278
6	3236
6	3064
2	3468
3	1993
5	2857
5	1557
2	2445
5	4146
7	2255
2	3540
2	2716
1	9942
2	435
1	1436
2	1707
3	1851
4	2197
5	2780
0	0
4	3232
6	5045
3	3945
4	2116
2	3003
6	2756
3	2696
6	5441
6	1367
2	2372
5	2147
3	2326
5	3136
2	3283
4	3604
4	3253
2	1678
6	2098
5	2380
2	2140
1	2689
2	3085
2	1933
2	2018
3	2936
4	2205
4	2673
4	3298
2	3492
4	3859
6	3526
1	3741
5	4306
4	6361
4	5430
2	6290
2	3257
6	3007
6	2940
3	3471
2	2189
5	1894
2	1849
2	2259
4	3103
4	3112
2	2149
5	4036
4	2389
2	3677
6	2011
1	2902
4	2481
6	4767
4	2388
6	2495
3	4252
2	2604
5	4971
2	3118
2	2771
2	3205
2	1782
6	2365
2	2572
2	2955
2	6772
4	4204
2	3423
5	5261
4	2160
3	3160
165B1MN21BE000000002112NT	
2	4377
5	3081
4	4023
5	3357
7	1189
1	3579
7	4241
7	1204
1	2457
4	4551
1	1922
3	5460
2	4828
7	2198
1	1794
7	1974
1	1442
6	4137
1	4305
2	2258
2	1093
6	2089
6	1459
6	3091
3	4087
3	2686
4	4978
4	2173
5	4368
4	4010
3	3172
1	1822
1	5494
1	4408
1	1750
1	2658
5	5385
6	3459
1	4266
1	1467
1	1379
6	2053
5	2404
1	3253
1	1073
1	1988
7	1853
7	5121
5	2290
3	3089
4	2290
4	3188
1	1925
5	4775
3	7621
5	6099
4	3850
6	7788
2	2127
1	3025
4	9078
4	7804
5	3227
2	1909
6	5271
6	2261
4	3651
3	2527
3	4553
4	3996
5	8867
1	7408
1	831
7	1555
1	1618
1	1386
4	2339
1	4343
1	1501
1	832
5	3389
4	2346
3	4418
4	1738
1	6341
3	2540
5	5013
3	8736
5	3172
5	2297
3	7012
3	1495
4	2488
5	5132
4	4013
2	2266
3	3806
1	6174
0	0
5	2166
6	2212
2	2462
6	6645
6	1666
1	2333
1	1728
1	1707
7	1595
5	2662
3	1310
0	0
4	3684
5	2337
3	2088
4	7193
3	1609
3	5257
5	2213
4	2227
5	3880
1	3026
1	3799
1	1871
5	5204
4	2168
4	5962
0	0
3	2198
5	1294
6	2904
6	2062
1	1545
1	2276
6	7853
1	1812
6	1812
2	2563
1	1901
3	3455
3	3030
5	6182
5	126
6	2368
6	3002
5	4983
2	2158
2	918
2	3938
5	5374
1	1771
3	3651
4	4779
5	5958
4	4508
4	1983
4	8569
166B1MN21AE000000002122NT	
5	4149
6	1421
4	2773
3	2017
6	883
4	813
1	1869
6	2160
7	2467
3	1757
3	657
4	1101
3	4691
1	2012
2	1866
4	1016
4	1723
6	948
5	1663
4	2421
5	1276
3	1098
5	1149
4	813
2	1863
3	1100
6	950
6	985
4	879
6	1201
4	1408
4	1803
1	894
3	788
2	1232
2	812
2	4236
1	1803
2	2015
7	2073
5	975
1	2349
0	0
2	2201
3	1886
7	1204
6	1117
4	1240
4	1982
3	1169
1	1575
4	1400
5	1098
6	398
5	1599
5	3972
6	2500
2	1053
2	972
5	616
7	2548
4	2046
6	562
4	1021
3	732
3	811
6	1497
6	1614
3	3680
4	1380
3	1027
3	1148
6	2376
5	3253
3	2561
4	2654
3	1859
5	2918
3	2525
6	2458
3	2093
4	1623
4	4007
4	1831
5	2654
2	2354
2	1374
4	822
6	834
2	1946
5	2694
6	1740
7	1162
2	2337
6	3164
5	3669
6	2904
5	994
3	1522
3	3258
5	3397
4	3202
1	2812
7	1569
2	444
6	1272
1	630
4	3850
3	3499
6	1923
5	1137
4	2733
4	3688
4	4152
4	376
1	1009
3	2965
3	3807
3	3149
4	3548
6	2792
6	2932
3	3378
3	889
7	3370
3	2890
4	3536
5	756
6	1306
5	1388
3	3466
5	2655
6	3498
3	3341
2	1904
1	2025
5	3176
7	2795
5	3133
3	2595
4	1561
3	799
3	3704
6	3484
4	3629
4	2967
4	3713
1	2308
7	2166
5	3311
6	2939
4	2332
6	1696
1	1432
2	3328
2	2794