CalBP	OC_(wt%)	TC_(wt%)		CalBP	OC+SD_(wt%)	TC+SD_(wt%)		CalYr_AD	CalBP	Marine_Temp_(degC)
-65	7.01	7.23		-65	7.23			2006.0	-56	11.5
-40	5.70	7.19		-40	7.19			2005.0	-55	8.2
-15	5.81	7.15		-15	7.15			2004.0	-54	9.8
10	5.42	7.11		10	7.11			2003.0	-53	10.5
35	5.11	7.29		35	7.29	7.16		2002.0	-52	11.9
60	4.58	6.84		60	6.84	7.03		2001.0	-51	10.8
85	4.20	4.56		85	4.56	6.11		2000.0	-50	11.0
110	4.19	3.85		110	3.85	5.35		1999.0	-49	10.3
135	4.28	2.72		135	2.72	4.79		1998.0	-48	8.9
160	4.39	2.57		160	2.57	4.68		1997.0	-47	8.8
185	4.54	2.65		185	2.65	4.71		1996.0	-46	9.3
210	4.62	2.75		210	2.75	4.77		1995.0	-45	10.3
235	4.68	2.80		235	2.80	4.82		1994.0	-44	9.3
260	4.59	2.27		260	2.27	4.72		1993.0	-43	10.0
285	4.06	2.17		285	2.17	4.94		1992.0	-42	10.1
310	3.54	1.84		310	1.84	5.22		1991.0	-41	10.2
335	3.34	1.46		335	1.46	5.07		1990.0	-40	12.1
360	3.31	0.91		360	0.91	4.19		1989.0	-39	10.0
385	3.27	1.86		385	1.86	3.60		1988.0	-38	9.4
410	3.22	2.09		410	2.09	3.62		1987.0	-37	8.3
435	3.21	2.06		435	2.06	3.62		1986.0	-36	10.3
460	3.21	2.03		460	2.03	3.64		1985.0	-35	9.0
485	3.20	2.01		485	2.01	3.66		1984.0	-34	9.4
510	3.20	1.98		510	1.98	3.64		1983.0	-33	8.1
535	3.19	1.96		535	1.96	3.63		1982.0	-32	9.3
560	3.19	1.93		560	1.93	3.62		1981.0	-31	8.7
585	3.18	1.90		585	1.90	3.61		1980.0	-30	7.8
610	3.17	1.87		610	1.87	3.60		1979.0	-29	8.5
635	3.17	1.85		635	1.85	3.59		1978.0	-28	9.8
660	3.16	1.82		660	1.82	3.58		1977.0	-27	9.5
685	3.16	1.79		685	1.79	3.57		1976.0	-26	6.7
710	3.15	1.77		710	1.77	3.56		1975.0	-25	8.3
735	3.15	1.74		735	1.74	3.55		1974.0	-24	8.8
760	3.14	1.71		760	1.71	3.54		1973.0	-23	9.5
785	3.14	1.69		785	1.69	3.53		1972.0	-22	10.0
810	3.13	1.66		810	1.66	3.52		1971.0	-21	8.9
835	3.13	1.63		835	1.63	3.51		1970.0	-20	7.8
860	3.12	1.61		860	1.61	3.50		1969.0	-19	8.5
885	3.12	1.58		885	1.58	3.49		1968.0	-18	7.8
910	3.12	1.55		910	1.55	3.49		1967.0	-17	9.0
935	3.11	1.52		935	1.52	3.48		1966.0	-16	8.5
960	3.11	1.49		960	1.49	3.47		1965.0	-15	8.2
985	3.10	1.46		985	1.46	3.46		1964.0	-14	9.5
1010	3.10	1.43		1010	1.43	3.45		1963.0	-13	9.6
1035	3.09	1.40		1035	1.40	3.45		1962.0	-12	8.6
1060	3.07	1.37		1060	1.37	3.44		1961.0	-11	8.2
1085	3.06	1.35		1085	1.35	3.43		1960.0	-10	8.0
1110	3.05	1.34		1110	1.34	3.40		1959.0	-9	8.7
1135	3.04	1.34		1135	1.34	3.38		1958.0	-8	9.5
1160	3.02	1.33		1160	1.33	3.35		1957.0	-7	10.8
1185	3.00	1.32		1185	1.32	3.32		1956.0	-6	8.5
1210	2.98	1.32		1210	1.32	3.30		1955.0	-5	8.5
1235	2.97	1.31		1235	1.31	3.28		1953.2	-4	9.7
1260	2.95	1.31		1260	1.31	3.26		1952.4	-3	8.6
1285	2.93	1.31		1285	1.31	3.24		1951.6	-2	11.8
1310	2.91	1.31		1310	1.31	3.22		1950.7	-1	12.3
1335	2.90	1.31		1335	1.31	3.20		1949.9	0	11.8
1360	2.88	1.31		1360	1.31	3.18		1949.1	1	9.5
1385	2.86	1.31		1385	1.31	3.17		1948.2	2	9.1
1410	2.84	1.31		1410	1.31	3.15		1947.4	3	8.2
1435	2.83	1.31		1435	1.31	3.13		1946.6	4	8.5
1460	2.81	1.31		1460	1.31	3.12		1945.7	5	8.8
1485	2.79	1.31		1485	1.31	3.10		1944.9	6	9.6
1510	2.77	1.31		1510	1.31	3.09		1944.1	7	10.1
1535	2.76	1.31		1535	1.31	3.08		1943.2	8	9.3
1560	2.74	1.31		1560	1.31	3.06		1942.4	9	9.1
1585	2.72	1.31		1585	1.31	3.05		1941.6	10	11.1
1610	2.70	1.31		1610	1.31	3.04		1940.7	11	9.2
1635	2.69	1.31		1635	1.31	3.03		1939.9	12	10.1
1660	2.67	1.31		1660	1.31	3.01		1939.1	13	8.7
1685	2.65	1.31		1685	1.31	3.00		1938.2	14	8.5
1710	2.65	1.31		1710	1.31	2.99		1937.4	15	8.8
1735	2.65	1.31		1735	1.31	2.98		1936.6	16	7.9
1760	2.65	1.31		1760	1.31	2.97		1935.7	17	8.8
1785	2.66	1.32		1785	1.32	2.97		1934.9	18	8.7
1810	2.66	1.32		1810	1.32	2.97		1934.1	19	9.5
1835	2.67	1.33		1835	1.33	2.98		1933.2	20	9.9
1860	2.67	1.32		1860	1.32	2.98		1932.4	21	10.0
1885	2.68	1.32		1885	1.32	2.98		1931.6	22	9.5
1910	2.68	1.32		1910	1.32	2.98		1930.7	23	9.2
1935	2.69	1.32		1935	1.32	2.98		1929.9	24	8.5
1960	2.69	1.32		1960	1.32	2.99		1929.1	25	7.9
1985	2.69	1.32		1985	1.32	2.99		1928.2	26	8.6
2010	2.69	1.33		2010	1.33	2.99		1927.4	27	8.3
2035	2.69	1.33		2035	1.33	2.98		1926.6	28	7.3
2060	2.69	1.33		2060	1.33	2.98		1925.7	29	8.3
2085	2.69	1.34		2085	1.34	2.97		1924.9	30	7.7
2110	2.69	1.35		2110	1.35	2.97		1924.1	31	8.8
2135	2.69	1.36		2135	1.36	2.97		1923.3	32	8.7
2160	2.69	1.37		2160	1.37	2.97		1922.4	33	8.5
2185	2.69	1.38		2185	1.38	2.97		1921.6	34	6.4
2210	2.69	1.40		2210	1.40	2.97		1920.8	35	7.8
2235	2.69	1.41		2235	1.41	2.98		1919.9	36	7.7
2260	2.69	1.43		2260	1.43	2.99		1919.1	37	7.7
2285	2.69	1.45		2285	1.45	2.99		1918.3	38	7.8
2310	2.69	1.47		2310	1.47	3.00		1917.4	39	7.2
2335	2.69	1.49		2335	1.49	3.01		1916.6	40	7.3
2360	2.69	1.51		2360	1.51	3.02		1915.8	41	9.2
2385	2.68	1.54		2385	1.54	3.03		1914.9	42	8.5
2410	2.67	1.56		2410	1.56	3.05		1914.1	43	8.3
2435	2.66	1.59		2435	1.59	3.06		1913.3	44	8.3
2460	2.65	1.61		2460	1.61	3.05		1912.4	45	8.2
2485	2.64	1.62		2485	1.62	3.02		1911.6	46	8.5
2510	2.64	1.64		2510	1.64	3.00		1910.8	47	7.6
2535	2.64	1.66		2535	1.66	2.97		1909.9	48	7.5
2560	2.64	1.68		2560	1.68	2.95		1909.1	49	7.5
2585	2.64	1.68		2585	1.68	2.92		1908.3	50	6.2
2610	2.64	1.67		2610	1.67	2.90		1907.4	51	7.3
2635	2.63	1.66		2635	1.66	2.88		1906.6	52	8.5
2660	2.63	1.65		2660	1.65	2.86		1905.8	53	7.7
2685	2.63	1.64		2685	1.64	2.83		1904.9	54	7.8
2710	2.63	1.64		2710	1.64	2.81		1904.1	55	7.2
2735	2.63	1.63		2735	1.63	2.80		1903.3	56	8.3
2760	2.63	1.62		2760	1.62	2.78		1902.4	57	8.2
2785	2.63	1.61		2785	1.61	2.76		1901.6	58	8.0
2810	2.63	1.60		2810	1.60	2.75		1900.8	59	7.9
2835	2.63	1.59		2835	1.59	2.74		1899.9	60	8.4
2860	2.63	1.58		2860	1.58	2.74		1899.1	61	9.3
2885	2.63	1.57		2885	1.57	2.74		1898.3	62	9.5
2910	2.63	1.56		2910	1.56	2.75		1897.4	63	8.0
2935	2.63	1.55		2935	1.55	2.76		1896.6	64	8.0
2960	2.63	1.54		2960	1.54	2.77		1895.8	65	7.6
2985	2.62	1.53		2985	1.53	2.79		1895.0	66	8.8
3010	2.62	1.53		3010	1.53	2.80		1894.1	67	9.0
3035	2.62	1.52		3035	1.52	2.82		1893.3	68	6.6
3060	2.62	1.51		3060	1.51	2.84		1892.5	69	7.8
3085	2.63	1.50		3085	1.50	2.86		1891.6	70	8.5
3110	2.63	1.49		3110	1.49	2.88		1890.8	71	9.4
3135	2.63	1.48		3135	1.48	2.90		1890.0	72	8.2
3160	2.62	1.48		3160	1.48	2.92		1889.1	73	7.8
3185	2.62	1.47		3185	1.47	2.93		1888.3	74	7.3
3210	2.61	1.47		3210	1.47	2.92		1887.5	75	7.8
3235	2.61	1.49		3235	1.49	2.91		1886.6	76	5.1
3260	2.60	1.50		3260	1.50	2.91		1885.8	77	8.1
3285	2.60	1.52		3285	1.52	2.90		1885.0	78	10.6
3310	2.60	1.54		3310	1.54	2.89		1884.1	79	9.7
3335	2.59	1.56		3335	1.56	2.88		1883.3	80	9.3
3360	2.60	1.58		3360	1.58	2.88		1882.5	81	9.5
3385	2.61	1.60		3385	1.60	2.88		1881.6	82	8.4
3410	2.61	1.63		3410	1.63	2.87		1880.8	83	11.0
3435	2.62	1.67		3435	1.67	2.86		1880.0	84	8.7
3460	2.63	1.72		3460	1.72	2.85		1879.1	85	8.4
3485	2.63	1.76		3485	1.76	2.85		1878.3	86	7.5
3510	2.64	1.80		3510	1.80	2.84		1877.5	87	8.3
3535	2.66	1.84		3535	1.84	2.83		1876.6	88	7.7
3560	2.66	1.87		3560	1.87	2.83		1875.8	89	9.1
3585	2.67	1.89		3585	1.89	2.83		1875.0	90	8.6
3610	2.67	1.92		3610	1.92	2.83		1874.1	91	9.0
3635	2.68	1.90		3635	1.90	2.84		1873.3	92	8.2
3660	2.68	1.87		3660	1.87	2.85		1872.5	93	4.0
3685	2.70	1.85		3685	1.85	2.86		1871.6	94	6.8
3710	2.73	1.83		3710	1.83	2.88		1870.8	95	5.6
3735	2.75	1.81		3735	1.81	2.89		1870.0	96	5.9
3760	2.77	1.79		3760	1.79	2.92		1869.2	97	6.7
3785	2.80	1.78		3785	1.78	2.96		1868.3	98	7.2
3810	2.82	1.77		3810	1.77	3.00		1867.5	99	6.1
3835	2.85	1.76		3835	1.76	3.04		1866.7	100	6.6
3860	2.87	1.76		3860	1.76	3.08		1865.8	101	5.4
3885	2.89	1.77		3885	1.77	3.12		1865.0	102	5.6
3910	2.92	1.74		3910	1.74	3.16		1864.2	103	6.5
3935	2.94	1.68		3935	1.68	3.20		1863.3	104	6.6
3960	2.96	1.62		3960	1.62	3.24		1862.5	105	5.6
3985	2.99	1.56		3985	1.56	3.28		1861.7	106	6.5
4010	2.95	1.50		4010	1.50	3.32		1860.8	107	6.5
4035	2.99	1.44		4035	1.44	3.36		1860.0	108	9.3
4060	3.02	1.42		4060	1.42	3.40		1859.2	109	6.0
4085	3.06	1.34		4085	1.34	3.49		1858.3	110	5.5
4110	3.09	1.41		4110	1.41	3.54		1857.5	111	5.7
4135	3.13	1.48		4135	1.48	3.58		1856.7	112	6.2
4160	3.17	1.53		4160	1.53	3.63		1855.8	113	6.0
4185	3.19	1.59		4185	1.59	3.67		1855.0	114	6.9
4210	3.21	1.65		4210	1.65	3.71		1854.2	115	6.8
4235	2.76	1.71		4235	1.71	3.76		1853.3	116	6.1
4260	2.76	1.66		4260	1.66	3.81		1852.5	117	5.5
4285	2.76	1.60		4285	1.60	3.86		1851.7	118	4.9
								1850.8	119	5.5
								1850.0	120	6.8
								1849.2	121	8.0
								1848.3	122	8.8
								1847.5	123	6.6
								1846.7	124	7.2
								1845.8	125	8.9
								1845.0	126	9.3
								1844.2	127	9.5
								1843.4	128	9.3
								1842.5	129	8.0
								1841.7	130	5.4
								1840.9	131	7.7
								1840.0	132	7.3
								1839.2	133	9.2
								1838.4	134	8.8
								1837.5	135	9.0
								1836.7	136	8.7
								1835.9	137	8.6
								1835.0	138	8.8
								1834.2	139	7.1
								1833.4	140	6.6
								1832.5	141	9.6
								1831.7	142	9.3
								1830.9	143	7.0
								1830.0	144	8.3
								1829.2	145	7.7
								1828.4	146	8.0
								1827.5	147	7.8
								1826.7	148	7.5
								1825.9	149	8.1
								1825.0	150	7.5
								1824.2	151	7.7
								1823.4	152	8.2
								1822.5	153	8.0
								1821.7	154	8.3
								1820.9	155	9.5
								1820.0	156	7.8
								1819.2	157	8.4
								1818.4	158	7.2
								1817.6	159	7.2
								1816.7	160	7.5
								1815.9	161	6.9
								1815.1	162	8.5
								1814.2	163	8.5
								1813.4	164	7.3
								1812.6	165	8.3
								1811.7	166	8.2
								1810.9	167	7.2
								1810.1	168	7.3
								1809.2	169	6.7
								1808.4	170	8.2
								1807.6	171	8.0
								1806.7	172	8.2
								1805.9	173	7.2
								1805.1	174	6.7
								1804.2	175	7.2
								1803.4	176	7.3
								1802.6	177	7.8
								1801.7	178	7.4
								1800.9	179	6.5
								1800.1	180	7.8
								1799.2	181	8.6
								1798.4	182	8.6
								1797.6	183	8.0
								1796.7	184	8.0
								1795.9	185	8.8
								1795.1	186	9.4
								1794.3	187	8.8
								1793.4	188	7.3
								1792.6	189	8.3
								1791.8	190	7.3
								1790.9	191	7.6
								1790.1	192	6.2
								1789.3	193	8.1
								1788.4	194	7.3
								1787.6	195	7.3
								1786.8	196	8.7
								1785.9	197	7.9
								1785.1	198	7.5
								1784.3	199	6.9
								1783.4	200	7.1
								1782.6	201	8.1
								1781.8	202	9.1
								1780.9	203	8.9
								1780.1	204	9.2
								1779.3	205	7.7
								1778.4	206	8.4
								1777.6	207	7.5
								1776.8	208	6.3
								1775.9	209	7.6
								1775.1	210	7.1
								1774.3	211	6.0
								1773.5	212	7.3
								1772.6	213	6.9
								1771.8	214	7.6
								1771.0	215	8.5
								1770.1	216	8.4
								1769.3	217	8.4
								1768.5	218	8.3
								1767.6	219	7.9
								1766.8	220	7.5
								1766.0	221	7.5
								1765.1	222	7.6
								1764.3	223	8.5
								1763.5	224	7.5
								1762.6	225	8.0
								1761.8	226	7.7
								1761.0	227	7.3
								1760.1	228	7.6
								1759.3	229	8.1
								1758.5	230	8.0
								1757.6	231	8.3
								1756.8	232	7.9
								1756.0	233	8.5
								1755.1	234	8.2
								1754.3	235	8.6
								1753.5	236	7.6
								1752.7	237	7.7
								1751.8	238	7.8
								1751.0	239	8.9
								1750.2	240	8.1
								1749.3	241	7.0
								1748.5	242	7.2
								1747.7	243	8.1
								1746.8	244	8.2
								1746.0	245	8.2
								1745.2	246	8.0
								1744.3	247	7.8
								1743.5	248	8.6
								1742.7	249	8.3
								1741.8	250	8.1
								1741.0	251	8.5
								1740.2	252	8.5
								1739.3	253	7.8
								1738.5	254	9.3
								1737.7	255	9.6
								1736.8	256	8.6
								1736.0	257	8.7
								1735.2	258	8.0
								1734.3	259	6.4
								1733.5	260	9.7
								1732.7	261	8.8
								1731.9	262	8.5
								1731.0	263	10.3
								1730.2	264	8.2
								1729.4	265	7.8
								1728.5	266	7.2
								1727.7	267	9.5
								1726.9	268	7.9
								1726.0	269	8.8
								1725.2	270	8.4
								1724.4	271	8.3
								1723.5	272	7.8
								1722.7	273	8.8
								1721.9	274	8.3
								1721.0	275	7.6
								1720.2	276	8.3
								1719.4	277	8.4
								1718.5	278	7.6
								1717.7	279	6.9
								1716.9	280	6.6
								1716.0	281	8.0
								1715.2	282	7.8
								1714.4	283	8.0
								1713.5	284	8.1
								1712.7	285	7.8
								1711.9	286	7.7
								1711.1	287	7.8
								1710.2	288	7.0
								1709.4	289	7.5
								1708.6	290	7.6
								1707.7	291	7.4
								1706.9	292	8.6
								1706.1	293	8.4
								1705.2	294	8.6
								1704.4	295	9.1
								1703.6	296	8.3
								1702.7	297	7.9
								1701.9	298	8.3
								1701.1	299	8.0
								1700.2	300	9.2
								1699.4	301	9.3
								1698.6	302	8.1
								1697.7	303	8.7
								1696.9	304	8.1
								1696.1	305	9.0
								1695.2	306	9.0
								1694.4	307	8.8
								1693.6	308	9.3
								1692.8	309	9.0
								1691.9	310	8.0
								1691.1	311	7.3
								1690.3	312	7.1
								1689.4	313	7.2
								1688.6	314	7.9
								1687.8	315	7.6
								1686.9	316	8.5
								1686.1	317	7.6
								1685.3	318	7.6
								1684.4	319	9.0
								1683.6	320	8.7
								1682.8	321	8.5
								1681.9	322	7.7
								1681.1	323	8.1
								1680.3	324	7.9
								1679.4	325	9.1
								1678.6	326	7.1
								1677.8	327	7.9
								1676.9	328	8.1
								1676.1	329	7.8
								1675.3	330	8.1
								1674.5	331	8.3
								1673.6	332	8.0
								1672.8	333	7.6
								1672.0	334	6.9
								1671.1	335	9.1
								1670.3	336	7.6
								1669.5	337	8.2
								1668.6	338	8.4
								1667.8	339	8.2
								1667.0	340	7.4
								1666.1	341	8.1
								1665.3	342	7.3
								1664.5	343	8.3
								1663.6	344	7.6
								1662.8	345	7.8
								1662.0	346	7.8
								1661.1	347	6.9
								1660.3	348	7.6
								1659.5	349	7.6
								1658.6	350	7.6
								1657.8	351	8.0
								1657.0	352	8.3
								1656.2	353	8.7
								1655.3	354	7.9
								1654.5	355	6.7
								1653.7	356	6.6
								1652.8	357	8.1
								1652.0	358	6.6
								1651.2	359	5.9
								1650.3	360	7.0
								1649.5	361	7.0
								1648.7	362	6.0
								1647.8	363	8.0
								1647.0	364	7.5
								1646.2	365	7.1
								1645.3	366	8.6
								1644.5	367	7.9
								1643.7	368	6.8
								1642.8	369	6.9
								1642.0	370	7.3
								1641.2	371	7.1
								1640.3	372	8.5
								1639.5	373	8.6
								1638.7	374	8.7
								1637.9	375	7.2
								1637.0	376	7.2
								1636.2	377	7.5
								1635.4	378	7.5
								1634.5	379	7.3
								1633.7	380	6.9
								1632.9	381	7.2
								1632.0	382	7.3
								1631.2	383	5.1
								1630.4	384	6.2
								1629.5	385	8.5
								1628.7	386	7.0
								1627.9	387	6.7
								1627.0	388	7.2
								1626.2	389	7.2
								1625.4	390	4.9
								1624.5	391	6.2
								1623.7	392	7.3
								1622.9	393	6.1
								1622.1	394	6.4
								1621.2	395	6.4
								1620.4	396	6.5
								1619.6	397	8.0
								1618.7	398	6.3
								1617.9	399	4.9
								1617.1	400	7.7
								1616.2	401	2.6
								1615.4	402	2.9
								1614.6	403	6.6
								1613.7	404	5.5
								1612.9	405	4.4
								1612.1	406	5.8
								1611.2	407	6.0
								1610.4	408	6.7
								1609.6	409	6.0
								1608.7	410	5.3
								1607.9	411	5.9
								1607.1	412	3.1
								1606.3	413	5.4
								1605.4	414	4.6
								1604.6	415	5.6
								1603.8	416	4.9
								1602.9	417	6.2
								1602.1	418	6.6
								1601.3	419	6.1
								1600.4	420	7.8
								1599.6	421	7.8
								1598.8	422	5.7
								1597.9	423	3.8
								1597.1	424	7.1
								1596.3	425	8.5
								1595.4	426	6.9
								1594.6	427	4.0
								1593.8	428	6.8
								1592.9	429	6.7
								1592.1	430	6.7
								1591.3	431	6.1
								1590.4	432	8.0
								1589.6	433	7.8
								1588.8	434	7.7
								1588.0	435	6.5
								1587.1	436	8.2
								1586.3	437	11.5
								1585.5	438	11.5
								1584.6	439	8.1
								1583.8	440	9.3
								1583.0	441	9.5
								1582.1	442	9.3
								1581.3	443	8.2
								1580.5	444	5.8
								1579.6	445	6.1
								1578.8	446	6.6
								1578.0	447	8.0
								1577.1	448	7.3
								1576.3	449	8.0
								1575.5	450	7.0
								1574.6	451	7.2
								1573.8	452	6.8
								1573.0	453	6.9
								1572.2	454	7.7
								1571.3	455	7.4
								1570.5	456	6.8
								1569.7	457	7.4
								1568.8	458	7.2
								1568.0	459	6.2
								1567.2	460	6.5
								1566.3	461	6.6
								1565.5	462	7.5
								1564.7	463	7.4
								1563.8	464	6.8
								1563.0	465	7.0
								1562.2	466	8.9
								1561.3	467	10.3
								1560.5	468	9.3
								1559.7	469	8.6
								1558.9	470	8.4
								1558.0	471	7.7
								1557.2	472	7.3
								1556.4	473	6.9
								1555.5	474	8.7
								1554.7	475	8.4
								1553.9	476	8.2
								1553.0	477	7.5
								1552.2	478	8.1
								1551.4	479	8.1
								1550.5	480	6.5
								1549.7	481	7.8
								1548.9	482	8.4
								1548.0	483	8.5
								1547.2	484	8.8
								1546.4	485	8.2
								1545.5	486	8.1
								1544.7	487	7.4
								1543.9	488	8.3
								1543.1	489	8.3
								1542.2	490	8.2
								1541.4	491	8.1
								1540.6	492	5.8
								1539.7	493	8.5
								1538.9	494	8.5
								1538.1	495	8.3
								1537.2	496	8.2
								1536.4	497	8.1
								1535.6	498	7.7
								1534.7	499	8.1
								1533.9	500	8.1
								1533.1	501	8.6
								1532.2	502	8.2
								1531.4	503	9.6
								1530.6	504	9.3
								1529.7	505	8.2
								1528.9	506	9.2
								1528.1	507	8.0
								1527.3	508	7.2
								1526.4	509	7.8
								1525.6	510	8.0
								1524.8	511	8.5
								1523.9	512	8.3
								1523.1	513	8.3
								1522.3	514	8.6
								1521.4	515	9.1
								1520.6	516	9.3
								1519.8	517	9.0
								1518.9	518	8.0
								1518.1	519	7.6
								1517.3	520	
								1516.4	521	7.6
								1515.6	522	6.9
								1514.8	523	7.1
								1514.0	524	
								1513.1	525	
								1512.3	526	8.1
								1511.5	527	8.8
								1510.6	528	9.3
								1509.8	529	
								1509.0	530	7.7
								1508.1	531	7.1
								1507.3	532	7.1
								1506.5	533	7.1
								1505.6	534	8.3
								1504.8	535	8.1
								1504.0	536	8.2
								1503.1	537	8.3
								1502.3	538	7.9
								1501.5	539	7.4
								1500.6	540	8.1
								1499.8	541	7.7
								1499.0	542	7.7
								1498.2	543	8.2
								1497.3	544	
								1496.5	545	
								1495.7	546	
								1494.8	547	
								1494.0	548	
								1493.2	549	
								1492.3	550	
								1491.5	551	
								1490.7	552	
								1489.8	553	
								1489.0	554	
								1488.2	555	
								1487.3	556	
								1486.5	557	
								1485.7	558	
								1484.9	559	
								1484.0	560	
								1483.2	561	
								1482.4	562	8.9
								1481.5	563	8.2
								1480.7	564	10.8
								1479.9	565	10.2
								1479.0	566	9.5
								1478.2	567	8.7
								1477.4	568	8.9
								1476.5	569	9.1
								1475.7	570	9.1
								1474.9	571	9.7
								1474.0	572	8.3
								1473.2	573	8.5
								1472.4	574	9.9
								1471.6	575	10.1
								1470.7	576	9.6
								1469.9	577	7.5
								1469.1	578	8.5
								1468.2	579	8.8
								1467.4	580	8.7
								1466.6	581	9.1
								1465.7	582	7.7
								1464.9	583	10
								1464.1	584	10.2
								1463.2	585	10.8
								1462.4	586	8.7
								1461.6	587	9
								1460.7	588	10.4
								1459.9	589	10.6
								1459.1	590	10.6
								1458.2	591	9.2
								1457.4	592	8.1
								1456.6	593	8.5
								1455.8	594	9.6
								1454.9	595	8.7
								1454.1	596	8.4
