Gamma Energy	Intensity
keV	
	
	Location
--	--
--	--
--	--
--	--
--	--
--	--
--	--
--	--
--	--
--	--
--	--
--	--
--	--
--	--
--	--
0.596	0
1.3585	0
2.121	0
2.8835	0
3.646	0
4.4085	0
5.171	0
5.9335	0
6.696	0
7.4585	0
8.221	0
8.9835	0
9.746	0
10.5085	0
11.271	0
12.0335	0
12.796	0
13.5585	0
14.321	0
15.0835	0
15.846	0
16.6085	0
17.371	0
18.1335	0
18.896	0
19.6585	0
20.421	0
21.1835	0
21.946	0
22.7085	0
23.471	0
24.2335	0
24.996	0
25.7585	0
26.521	0
27.2835	0
28.046	4826
28.8085	4987
29.571	4915
30.3335	5125
31.096	5142
31.8585	5287
32.621	5384
33.3835	5203
34.146	5227
34.9085	5408
35.671	5454
36.4335	5565
37.196	5491
37.9585	5503
38.721	5552
39.4835	5563
40.246	5503
41.0085	5617
41.771	5511
42.5335	5572
43.296	5502
44.0585	5520
44.821	5895
45.5835	5551
46.346	5712
47.1085	5619
47.871	5598
48.6335	5593
49.396	5576
50.1585	5718
50.921	5750
51.6835	5773
52.446	5810
53.2085	5798
53.971	5714
54.7335	5786
55.496	5754
56.2585	5707
57.021	5792
57.7835	5629
58.546	5688
59.3085	5903
60.071	5886
60.8335	5679
61.596	5797
62.3585	5856
63.121	5687
63.8835	5795
64.646	5755
65.4085	5728
66.171	5762
66.9335	5735
67.696	5818
68.4585	5594
69.221	5710
69.9835	5542
70.746	5707
71.5085	5599
72.271	5606
73.0335	5632
73.796	5445
74.5585	5523
75.321	5479
76.0835	5471
76.846	5403
77.6085	5367
78.371	5204
79.1335	5387
79.896	5290
80.6585	5234
81.421	5208
82.1835	5212
82.946	5253
83.7085	5299
84.471	5081
85.2335	5047
85.996	5002
86.7585	4979
87.521	5033
88.2835	4821
89.046	4901
89.8085	5003
90.571	4847
91.3335	4735
92.096	4857
92.858	4766
93.621	4761
94.383	4627
95.146	4633
95.909	4552
96.671	4595
97.433	4596
98.196	4571
98.959	4289
99.721	4408
100.483	4370
101.246	4438
102.008	4348
102.771	4292
103.534	4320
104.296	4348
105.058	4179
105.821	4208
106.584	4095
107.346	4146
108.108	4086
108.871	4107
109.633	3878
110.396	4002
111.159	3950
111.921	3879
112.683	3807
113.446	3702
114.209	3770
114.971	3859
115.733	3723
116.496	3689
117.258	3712
118.021	3771
118.784	3517
119.546	3610
120.309	3607
121.071	3509
121.833	3554
122.596	3481
123.358	3420
124.121	3374
124.883	3302
125.646	3405
126.409	3231
127.171	3232
127.934	3108
128.696	3163
129.458	3158
130.221	3037
130.983	2931
131.746	3120
132.508	3077
133.271	2967
134.034	2820
134.796	2932
135.558	2877
136.321	2843
137.083	2825
137.846	2875
138.608	2727
139.371	2732
140.133	2741
140.896	2649
141.659	2581
142.421	2691
143.183	2556
143.946	2552
144.708	2554
145.471	2499
146.233	2589
146.996	2585
147.758	2416
148.521	2442
149.284	2401
150.046	2414
150.808	2409
151.571	2338
152.333	2241
153.096	2275
153.858	2275
154.621	2292
155.383	2196
156.146	2284
156.909	2263
157.671	2142
158.433	2096
159.196	2099
159.958	2132
160.721	2153
161.483	2136
162.246	2175
163.008	2091
163.771	2120
164.534	2021
165.296	2063
166.058	1999
166.821	2084
167.583	2036
168.346	2007
169.108	1987
169.871	2030
170.633	2052
171.396	1996
172.159	1911
172.921	2071
173.683	2071
174.446	2025
175.208	2048
175.971	1974
176.733	1964
177.496	2066
178.258	1940
179.021	1981
179.784	1950
180.546	1956
181.308	1932
182.071	1950
182.833	1986
183.596	1924
184.358	1853
185.121	1829
185.883	1848
186.646	1833
187.409	1729
188.171	1744
188.933	1688
189.696	1780
190.458	1763
191.221	1726
191.983	1705
192.746	1638
193.508	1636
194.271	1583
195.034	1623
195.796	1577
196.558	1580
197.321	1526
198.083	1484
198.846	1523
199.608	1550
200.371	1433
201.133	1406
201.896	1430
202.659	1377
203.421	1385
204.183	1324
204.946	1317
205.708	1349
206.471	1314
207.233	1279
207.996	1272
208.758	1281
209.521	1272
210.284	1231
211.046	1138
211.808	1213
212.571	1200
213.333	1152
214.096	1165
214.858	1146
215.621	1086
216.383	1103
217.146	1141
217.909	1112
218.671	1043
219.433	990
220.196	1067
220.958	1054
221.721	999
222.483	1005
223.246	960
224.008	997
224.771	972
225.534	976
226.296	923
227.058	910
227.821	966
228.583	910
229.346	916
230.108	903
230.871	911
231.633	909
232.396	841
233.159	806
233.921	862
234.683	831
235.446	891
236.208	806
236.971	855
237.733	792
238.496	772
239.258	803
240.021	755
240.783	800
241.546	769
242.308	802
243.071	798
243.833	746
244.596	784
245.358	733
246.121	705
246.883	680
247.646	752
248.409	689
249.171	711
249.933	704
250.696	687
251.459	681
252.221	685
252.983	692
253.746	640
254.508	721
255.271	682
256.034	684
256.796	649
257.558	651
258.321	675
259.084	654
259.846	646
260.608	595
261.371	664
262.133	635
262.896	573
263.659	574
264.421	606
265.183	570
265.946	583
266.709	546
267.471	568
268.233	579
268.996	540
269.758	561
270.521	583
271.284	602
272.046	600
272.808	610
273.571	509
274.334	497
275.096	545
275.858	555
276.621	513
277.383	548
278.146	530
278.909	532
279.671	509
280.433	498
281.196	525
281.958	502
282.721	493
283.483	528
284.246	469
285.008	454
285.771	466
286.534	475
287.296	455
288.058	469
288.821	440
289.583	490
290.346	424
291.108	468
291.871	465
292.633	476
293.396	479
294.159	453
294.921	451
295.683	423
296.446	473
297.208	462
297.971	444
298.733	449
299.496	432
300.258	416
301.021	387
301.784	390
302.546	434
303.308	433
304.071	418
304.833	436
305.596	413
306.358	414
307.121	436
307.883	379
308.646	391
309.409	389
310.171	413
310.933	400
311.696	392
312.458	365
313.221	388
313.983	414
314.746	408
315.508	388
316.271	395
317.034	372
317.796	364
318.558	383
319.321	357
320.083	397
320.846	333
321.608	394
322.371	369
323.133	363
323.896	389
324.659	338
325.421	342
326.183	340
326.946	383
327.708	346
328.471	345
329.233	339
329.996	369
330.758	362
331.521	342
332.284	329
333.046	339
333.808	365
334.571	362
335.333	341
336.096	338
336.858	316
337.621	357
338.383	357
339.146	324
339.909	306
340.671	327
341.433	327
342.196	309
342.958	354
343.721	336
344.483	310
345.246	330
346.008	286
346.771	321
347.534	286
348.296	299
349.058	330
349.821	313
350.583	322
351.346	255
352.108	320
352.871	306
353.633	324
354.396	307
355.159	289
355.921	300
356.683	273
357.446	315
358.208	355
358.971	306
359.733	310
360.496	310
361.258	290
362.021	292
362.784	307
363.546	279
364.308	266
365.071	298
365.833	268
366.596	312
367.358	280
368.121	250
368.883	287
369.646	289
370.409	292
371.171	302
371.933	244
372.696	281
373.458	283
374.221	311
374.983	299
375.746	276
376.508	280
377.271	311
378.034	264
378.796	297
379.558	275
380.321	251
381.083	273
381.846	279
382.608	279
383.371	260
384.133	280
384.896	284
385.659	262
386.421	252
387.183	292
387.946	263
388.708	264
389.471	267
390.233	281
390.996	254
391.758	249
392.521	273
393.284	277
394.046	262
394.808	252
395.571	261
396.333	246
397.096	237
397.858	281
398.621	226
399.383	245
400.146	267
400.909	256
401.671	255
402.433	249
403.196	257
403.958	268
404.721	248
405.483	267
406.246	235
407.008	275
407.771	248
408.534	251
409.296	219
410.058	225
410.821	253
411.583	206
412.346	241
413.108	251
413.871	254
414.633	218
415.396	235
416.159	219
416.921	208
417.683	224
418.446	237
419.208	203
419.971	223
420.733	206
421.496	253
422.258	229
423.021	216
423.784	208
424.546	197
425.308	226
426.071	209
426.833	211
427.596	247
428.358	206
429.121	192
429.883	207
430.646	197
431.409	188
432.171	241
432.933	227
433.696	195
434.458	203
435.221	194
435.983	180
436.746	201
437.508	198
438.271	198
439.034	200
439.796	174
440.558	166
441.321	196
442.083	181
442.846	193
443.608	177
444.371	194
445.133	208
445.896	193
446.659	200
447.421	222
448.183	176
448.946	191
449.708	188
450.471	223
451.233	193
451.996	208
452.758	174
453.521	186
454.284	207
455.046	182
455.808	169
456.571	197
457.333	207
458.096	170
458.858	189
459.621	164
460.383	182
461.146	161
461.909	153
462.671	191
463.433	179
464.196	169
464.958	178
465.721	160
466.483	168
467.246	175
468.008	146
468.771	183
469.534	176
470.296	184
471.058	198
471.821	166
472.583	136
473.346	159
474.108	117
474.871	153
475.633	151
476.396	135
477.159	152
477.921	141
478.683	130
479.446	121
480.208	132
480.971	118
481.733	129
482.496	139
483.258	125
484.021	124
484.783	122
485.546	116
486.308	105
487.071	118
487.833	104
488.596	109
489.358	126
490.121	112
490.883	115
491.646	101
492.408	79
493.171	100
493.933	112
494.696	107
495.458	109
496.221	117
496.983	116
497.746	106
498.508	108
499.271	114
500.033	88
500.796	96
501.558	105
502.321	105
503.083	105
503.846	125
504.608	99
505.371	93
506.134	104
506.896	92
507.659	98
508.421	111
509.183	96
509.946	94
510.708	109
511.471	87
512.233	103
512.996	106
513.759	87
514.521	97
515.284	96
516.046	95
516.808	94
517.571	103
518.333	88
519.096	95
519.858	91
520.621	104
521.384	103
522.146	92
522.909	93
523.671	99
524.433	93
525.196	89
525.958	92
526.721	81
527.483	71
528.246	86
529.009	74
529.771	108
530.534	89
531.296	94
532.058	92
532.821	99
533.583	84
534.346	73
535.108	92
535.871	102
536.634	98
537.396	98
538.159	88
538.921	92
539.683	94
540.446	89
541.208	99
541.971	107
542.733	93
543.496	90
544.259	93
545.021	89
545.784	94
546.546	99
547.308	101
548.071	100
548.833	81
549.596	103
550.358	95
551.121	88
551.884	101
552.646	100
553.409	123
554.171	111
554.933	116
555.696	123
556.458	120
557.221	118
557.983	130
558.746	118
559.509	138
560.271	139
561.034	132
561.796	132
562.558	142
563.321	143
564.083	149
564.846	159
565.608	157
566.371	136
567.134	157
567.896	149
568.659	145
569.421	135
570.183	114
570.946	136
571.708	137
572.471	109
573.233	125
573.996	104
574.758	102
575.521	86
576.284	97
577.046	101
577.808	104
578.571	98
579.333	98
580.096	89
580.858	70
581.621	78
582.383	92
583.146	105
583.909	90
584.671	95
585.433	141
586.196	93
586.958	110
587.721	109
588.483	100
589.246	135
590.008	114
590.771	132
591.534	133
592.296	149
593.058	156
593.821	159
594.583	176
595.346	187
596.108	162
596.871	216
597.633	228
598.396	237
599.159	288
599.921	307
600.683	302
601.446	296
602.208	377
602.971	371
603.733	363
604.496	336
605.258	309
606.021	315
606.784	304
607.546	274
608.308	218
609.071	209
609.833	152
610.596	152
611.358	114
612.121	116
612.883	94
613.646	97
614.409	79
615.171	60
615.933	64
616.696	64
617.458	46
618.221	58
618.983	52
619.746	58
620.508	54
621.271	43
622.034	62
622.796	52
623.558	61
624.321	44
625.083	48
625.846	58
626.608	56
627.371	45
628.133	49
628.896	55
629.659	60
630.421	34
631.183	42
631.946	60
632.708	54
633.471	43
634.233	56
634.996	51
635.758	52
636.521	61
637.284	65
638.046	55
638.808	58
639.571	74
640.333	83
641.096	64
641.858	69
642.621	87
643.383	86
644.146	102
644.909	103
645.671	100
646.433	115
647.196	118
647.958	146
648.721	155
649.483	147
650.246	206
651.008	205
651.771	221
652.534	247
653.296	266
654.058	295
654.821	347
655.583	394
656.346	401
657.108	419
657.871	450
658.633	533
659.396	532
660.159	520
660.921	604
661.683	569
662.446	591
663.208	533
663.971	482
664.733	453
665.496	420
666.258	377
667.021	328
667.784	230
668.546	216
669.308	163
670.071	158
670.833	120
671.596	96
672.358	72
673.121	50
673.883	64
674.646	29
675.409	43
676.171	31
676.933	30
677.696	26
678.458	30
679.221	20
679.983	14
680.746	24
681.508	25
682.271	26
683.034	13
683.796	13
684.558	16
685.321	12
686.083	25
686.846	14
687.608	17
688.371	12
689.133	18
689.896	26
690.659	18
691.421	15
692.183	20
692.946	16
693.708	13
694.471	13
695.233	17
695.996	15
696.758	18
697.521	19
698.284	33
699.046	9
699.808	8
700.571	15
701.333	14
702.096	14
702.858	14
703.621	14
704.383	13
705.146	9
705.909	15
706.671	14
707.433	9
708.196	14
708.958	9
709.721	8
710.483	9
711.246	10
712.008	19
712.771	7
713.534	12
714.296	13
715.058	16
715.821	8
716.583	10
717.346	9
718.108	10
718.871	13
719.633	10
720.396	12
721.159	12
721.921	9
722.683	11
723.446	15
724.208	13
724.971	11
725.733	7
726.496	11
727.258	8
728.021	10
728.784	10
729.546	9
730.308	14
731.071	11
731.833	9
732.596	7
733.358	14
734.121	17
734.883	7
735.646	10
736.409	10
737.171	18
737.933	5
738.696	10
739.458	6
740.221	10
740.983	11
741.746	17
742.508	10
743.271	12
744.034	11
744.796	7
745.558	11
746.321	5
747.083	12
747.846	15
748.608	8
749.371	9
750.133	7
750.896	9
751.659	18
752.421	15
753.183	14
753.946	9
754.708	10
755.471	6
756.233	11
756.996	6
757.758	12
758.521	12
759.284	13
760.046	19
760.808	16
761.571	16
762.333	14
763.096	16
763.858	7
764.621	11
765.383	24
766.146	13
766.909	13
767.671	8
768.433	15
769.196	16
769.958	16
770.721	16
771.483	11
772.246	24
773.008	16
773.771	17
774.534	25
775.296	32
776.058	19
776.821	30
777.583	26
778.346	21
779.108	25
779.871	28
780.633	35
781.396	37
782.159	32
782.921	44
783.683	50
784.446	39
785.208	52
785.971	69
786.733	68
787.496	64
788.258	65
789.021	76
789.784	96
790.546	94
791.308	107
792.071	112
792.833	108
793.596	119
794.358	150
795.121	158
795.883	155
796.646	160
797.409	166
798.171	160
798.933	154
799.696	129
800.458	139
801.221	134
801.983	140
802.746	101
803.508	92
804.271	89
805.034	82
805.796	66
806.558	57
807.321	36
808.083	32
808.846	39
809.608	17
810.371	26
811.133	17
811.896	14
812.659	26
813.421	6
814.183	7
814.946	7
815.708	10
816.471	4
817.233	6
817.996	4
818.758	4
819.521	6
820.284	9
821.046	6
821.808	4
822.571	9
823.333	6
824.096	6
824.858	3
825.621	3
826.383	7
827.146	5
827.909	4
828.671	5
829.433	5
830.196	5
830.958	4
831.721	7
832.483	4
833.246	4
834.008	2
834.771	3
835.534	10
836.296	5
837.058	5
837.821	0
838.583	6
839.346	2
840.108	3
840.871	3
841.633	6
842.396	2
843.159	4
843.921	5
844.683	4
845.446	5
846.208	0
846.971	3
847.733	4
848.496	2
849.258	4
850.021	3
850.784	3
851.546	3
852.308	6
853.071	4
853.833	2
854.596	2
855.358	1
856.121	4
856.883	1
857.646	2
858.409	3
859.171	3
859.933	2
860.696	1
861.458	2
862.221	5
862.983	2
863.746	3
864.508	3
865.271	2
866.034	2
866.796	1
867.558	2
868.321	0
869.083	4
869.846	1
870.608	2
871.371	6
872.133	0
872.896	1
873.659	3
874.421	1
875.183	2
875.946	4
876.708	1
877.471	1
878.233	2
878.996	3
879.758	5
880.521	0
881.284	1
882.046	3
882.808	1
883.571	0
884.333	3
885.096	4
885.858	0
886.621	1
887.383	1
888.146	1
888.909	4
889.671	4
890.433	4
891.196	1
891.958	2
892.721	3
893.483	3
894.246	1
895.008	6
895.771	1
896.534	2
897.296	2
898.058	2
898.821	1
899.583	1
900.346	2
901.108	1
901.871	3
902.633	0
903.396	5
904.159	1
904.921	0
905.683	2
906.446	2
907.208	4
907.971	3
908.733	3
909.496	4
910.258	4
911.021	1
911.784	3
912.546	6
913.308	0
914.071	5
914.833	1
915.596	2
916.358	0
917.121	3
917.883	1
918.646	1
919.409	1
920.171	1
920.933	2
921.696	0
922.458	1
923.221	2
923.983	1
924.746	2
925.508	4
926.271	0
927.034	2
927.796	2
928.558	0
929.321	1
930.083	2
930.846	0
931.608	2
932.371	1
933.133	2
933.896	0
934.659	1
935.421	4
936.183	0
936.946	4
937.708	2
938.471	3
939.233	0
939.996	3
940.758	0
941.521	4
942.284	0
943.046	0
943.808	6
944.571	1
945.333	0
946.096	3
946.858	4
947.621	3
948.383	3
949.146	1
949.909	3
950.671	2
951.433	0
952.196	1
952.958	2
953.721	2
954.483	3
955.246	4
956.008	1
956.771	2
957.534	0
958.296	1
959.058	4
959.821	2
960.583	1
961.346	2
962.108	3
962.871	1
963.633	0
964.396	5
965.159	1
965.921	4
966.683	1
967.446	1
968.208	3
968.971	2
969.733	3
970.496	0
971.258	2
972.021	1
972.783	1
973.546	1
974.308	1
975.071	2
975.833	1
976.596	1
977.358	3
978.121	2
978.883	0
979.646	3
980.408	4
981.171	3
981.933	3
982.696	2
983.458	2
984.221	1
984.983	2
985.746	0
986.508	2
987.271	1
988.033	1
988.796	2
989.558	2
990.321	0
991.083	1
991.846	3
992.61	5
993.37	2
994.13	1
994.9	2
995.66	1
996.42	0
997.18	4
997.95	0
998.71	0
999.47	3
1000.23	4
1001	1
1001.76	4
1002.52	1
1003.28	1
1004.05	1
1004.81	0
1005.57	0
1006.33	4
1007.1	1
1007.86	1
1008.62	0
1009.38	0
1010.15	3
1010.91	1
1011.67	1
1012.43	2
1013.2	0
1013.96	0
1014.72	2
1015.48	1
1016.25	1
1017.01	0
1017.77	2
1018.53	0
1019.3	3
1020.06	2
1020.82	1
1021.58	0
1022.35	0
1023.11	1
1023.87	3
1024.63	2
1025.4	1
1026.16	2
1026.92	2
1027.68	1
1028.45	0
1029.21	1
1029.97	1
1030.73	5
1031.5	2
1032.26	1
1033.02	1
1033.78	1
1034.55	1
1035.31	1
1036.07	3
1036.83	7
1037.6	1
1038.36	1
1039.12	3
1039.88	4
1040.65	3
1041.41	1
1042.17	1
1042.93	3
1043.7	3
1044.46	0
1045.22	2
1045.98	3
1046.75	2
1047.51	1
1048.27	2
1049.03	0
1049.8	2
1050.56	3
1051.32	0
1052.08	0
1052.85	1
1053.61	0
1054.37	1
1055.13	2
1055.9	2
1056.66	1
1057.42	0
1058.18	1
1058.95	1
1059.71	1
1060.47	2
1061.23	2
1062	2
1062.76	1
1063.52	1
1064.28	0
1065.05	1
1065.81	2
1066.57	1
1067.33	0
1068.1	1
1068.86	2
1069.62	1
1070.38	2
1071.15	1
1071.91	0
1072.67	0
1073.43	1
1074.2	0
1074.96	1
1075.72	0
1076.48	1
1077.25	0
1078.01	0
1078.77	1
1079.53	0
1080.3	4
1081.06	1
1081.82	2
1082.58	0
1083.35	1
1084.11	2
1084.87	0
1085.63	0
1086.4	0
1087.16	1
1087.92	1
1088.68	1
1089.45	1
1090.21	0
1090.97	4
1091.73	0
1092.5	0
1093.26	0
1094.02	2
1094.78	3
1095.55	0
1096.31	1
1097.07	0
1097.83	1
1098.6	2
1099.36	0
1100.12	2
1100.88	0
1101.65	2
1102.41	0
1103.17	1
1103.93	3
1104.7	1
1105.46	2
1106.22	0
1106.98	1
1107.75	2
1108.51	1
1109.27	0
1110.03	0
1110.8	0
1111.56	0
1112.32	1
1113.08	0
1113.85	1
1114.61	0
1115.37	1
1116.13	0
1116.9	3
1117.66	0
1118.42	0
1119.18	3
1119.95	0
1120.71	2
1121.47	2
1122.23	1
1123	2
1123.76	2
1124.52	0
1125.28	2
1126.05	0
1126.81	1
1127.57	1
1128.33	1
1129.1	2
1129.86	4
1130.62	1
1131.38	1
1132.15	2
1132.91	1
1133.67	2
1134.43	1
1135.2	1
1135.96	1
1136.72	1
1137.48	1
1138.25	1
1139.01	3
1139.77	2
1140.53	2
1141.3	0
1142.06	2
1142.82	2
1143.58	1
1144.35	1
1145.11	1
1145.87	0
1146.63	2
1147.4	0
1148.16	3
1148.92	1
1149.68	0
1150.45	0
1151.21	3
1151.97	1
1152.73	1
1153.5	1
1154.26	3
1155.02	1
1155.78	0
1156.55	1
1157.31	1
1158.07	1
1158.83	2
1159.6	1
1160.36	2
1161.12	1
1161.88	1
1162.65	2
1163.41	0
1164.17	4
1164.93	4
1165.7	1
1166.46	2
1167.22	1
1167.98	0
1168.75	2
1169.51	1
1170.27	0
1171.03	1
1171.8	2
1172.56	2
1173.32	4
1174.08	4
1174.85	2
1175.61	0
1176.37	1
1177.13	0
1177.9	0
1178.66	2
1179.42	4
1180.18	2
1180.95	0
1181.71	2
1182.47	0
1183.23	1
1184	2
1184.76	0
1185.52	0
1186.28	0
1187.05	0
1187.81	0
1188.57	0
1189.33	1
1190.1	0
1190.86	0
1191.62	0
1192.38	0
1193.15	0
1193.91	2
1194.67	0
1195.43	1
1196.2	0
1196.96	2
1197.72	0
1198.48	0
1199.25	0
1200.01	0
1200.77	0
1201.53	1
1202.3	0
1203.06	1
1203.82	1
1204.58	0
1205.35	0
1206.11	1
1206.87	2
1207.63	0
1208.4	0
1209.16	0
1209.92	0
1210.68	0
1211.45	0
1212.21	0
1212.97	0
1213.73	0
1214.5	0
1215.26	0
1216.02	1
1216.78	1
1217.55	0
1218.31	0
1219.07	1
1219.83	0
1220.6	1
1221.36	0
1222.12	0
1222.88	0
1223.65	0
1224.41	0
1225.17	0
1225.93	2
1226.7	0
1227.46	0
1228.22	0
1228.98	0
1229.75	1
1230.51	0
1231.27	0
1232.03	0
1232.8	0
1233.56	0
1234.32	0
1235.08	0
1235.85	2
1236.61	0
1237.37	0
1238.13	1
1238.9	0
1239.66	0
1240.42	0
1241.18	1
1241.95	0
1242.71	0
1243.47	0
1244.23	2
1245	0
1245.76	0
1246.52	0
1247.28	1
1248.05	0
1248.81	1
1249.57	1
1250.33	0
1251.1	0
1251.86	1
1252.62	0
1253.38	1
1254.15	0
1254.91	1
1255.67	0
1256.43	1
1257.2	0
1257.96	1
1258.72	1
1259.48	0
1260.25	1
1261.01	0
1261.77	1
1262.53	0
1263.3	0
1264.06	0
1264.82	0
1265.58	0
1266.35	2
1267.11	0
1267.87	0
1268.63	0
1269.4	0
1270.16	0
1270.92	0
1271.68	0
1272.45	0
1273.21	2
1273.97	0
1274.73	0
1275.5	0
1276.26	0
1277.02	0
1277.78	0
1278.55	0
1279.31	0
1280.07	0
1280.83	0
1281.6	0
1282.36	1
1283.12	1
1283.88	0
1284.65	0
1285.41	0
1286.17	0
1286.93	0
1287.7	0
1288.46	0
1289.22	0
1289.98	0
1290.75	0
1291.51	0
1292.27	0
1293.03	1
1293.8	1
1294.56	0
1295.32	0
1296.08	0
1296.85	0
1297.61	0
1298.37	1
1299.13	0
1299.9	0
1300.66	0
1301.42	1
1302.18	0
1302.95	0
1303.71	0
1304.47	0
1305.23	0
1306	0
1306.76	0
1307.52	0
1308.28	0
1309.05	0
1309.81	0
1310.57	0
1311.33	0
1312.1	0
1312.86	0
1313.62	0
1314.38	0
1315.15	0
1315.91	0
1316.67	0
1317.43	1
1318.2	0
1318.96	0
1319.72	0
1320.48	0
1321.25	0
1322.01	1
1322.77	0
1323.53	0
1324.3	1
1325.06	1
1325.82	0
1326.58	1
1327.35	0
1328.11	0
1328.87	0
1329.63	0
1330.4	1
1331.16	0
1331.92	0
1332.68	0
1333.45	0
1334.21	2
1334.97	0
1335.73	0
1336.5	1
1337.26	1
1338.02	1
1338.78	1
1339.55	1
1340.31	1
1341.07	0
1341.83	1
1342.6	0
1343.36	1
1344.12	1
1344.88	1
1345.65	0
1346.41	0
1347.17	1
1347.93	0
1348.7	0
1349.46	0
1350.22	0
1350.98	0
1351.75	0
1352.51	1
1353.27	0
1354.03	1
1354.8	2
1355.56	0
1356.32	1
1357.08	3
1357.85	5
1358.61	9
1359.37	8
1360.13	7
1360.9	12
1361.66	19
1362.42	34
1363.18	55
1363.95	69
1364.71	83
1365.47	93
1366.23	82
1367	59
1367.76	43
1368.52	24
1369.28	13
1370.05	5
1370.81	2
1371.57	0
1372.33	1
1373.1	0
1373.86	2
1374.62	0
1375.38	0
1376.15	1
1376.91	0
1377.67	0
1378.43	2
1379.2	1
1379.96	1
1380.72	2
1381.48	0
1382.25	1
1383.01	0
1383.77	0
1384.53	1
1385.3	0
1386.06	0
1386.82	0
1387.58	0
1388.35	1
1389.11	0
1389.87	0
1390.63	0
1391.4	0
1392.16	0
1392.92	0
1393.68	0
1394.45	0
1395.21	0
1395.97	0
1396.73	0
1397.5	0
1398.26	0
1399.02	0
1399.78	0
1400.55	1
1401.31	0
1402.07	0
1402.83	0
1403.6	0
1404.36	0
1405.12	1
1405.88	0
1406.65	0
1407.41	1
1408.17	0
1408.93	0
1409.7	0
1410.46	0
1411.22	0
1411.98	0
1412.75	0
1413.51	0
1414.27	0
1415.03	0
1415.8	0
1416.56	0
1417.32	0
1418.08	0
1418.85	0
1419.61	0
1420.37	0
1421.13	0
1421.9	0
1422.66	0
1423.42	0
1424.18	0
1424.95	0
1425.71	1
1426.47	1
1427.23	1
1428	0
1428.76	0
1429.52	0
1430.28	0
1431.05	1
1431.81	1
1432.57	0
1433.33	0
1434.1	0
1434.86	0
1435.62	1
1436.38	0
1437.15	0
1437.91	0
1438.67	0
1439.43	0
1440.2	0
1440.96	0
1441.72	0
1442.48	0
1443.25	0
1444.01	0
1444.77	1
1445.53	0
1446.3	0
1447.06	0
1447.82	1
1448.58	0
1449.35	0
1450.11	0
1450.87	0
1451.63	0
1452.4	0
1453.16	0
1453.92	0
1454.68	0
1455.45	0
1456.21	0
1456.97	0
1457.73	1
1458.5	0
1459.26	0
1460.02	0
1460.78	0
1461.55	0
1462.31	0
1463.07	0
1463.83	0
1464.6	0
1465.36	2
1466.12	3
1466.88	3
1467.65	1
1468.41	0
1469.17	1
1469.93	2
1470.7	1
1471.46	0
1472.22	2
1472.98	1
1473.75	0
1474.51	0
1475.27	0
1476.03	0
1476.8	1
1477.56	0
1478.32	0
1479.08	1
1479.85	1
1480.61	0
1481.37	0
1482.13	0
1482.9	2
1483.66	0
1484.42	0
1485.18	0
1485.95	0
1486.71	0
1487.47	1
1488.23	0
1489	0
1489.76	0
1490.52	0
1491.28	0
1492.05	0
1492.81	0
1493.57	0
1494.33	0
1495.1	0
1495.86	0
1496.62	0
1497.38	0
1498.15	0
1498.91	0
1499.67	0
1500.43	0
1501.2	0
1501.96	0
1502.72	0
1503.48	0
1504.25	0
1505.01	1
1505.77	0
1506.53	0
1507.3	0
1508.06	0
1508.82	0
1509.58	0
1510.35	0
1511.11	0
1511.87	0
1512.63	0
1513.4	0
1514.16	0
1514.92	1
1515.68	1
1516.45	0
1517.21	0
1517.97	0
1518.73	0
1519.5	0
1520.26	0
1521.02	0
1521.78	0
1522.55	0
1523.31	0
1524.07	0
1524.83	0
1525.6	0
1526.36	0
1527.12	0
1527.88	0
1528.65	0
1529.41	0
1530.17	0
1530.93	0
1531.7	0
1532.46	0
1533.22	0
1533.98	0
1534.75	0
1535.51	0
1536.27	0
1537.03	0
1537.8	0
1538.56	0
1539.32	1
1540.08	0
1540.85	0
1541.61	1
1542.37	0
1543.13	0
1543.9	0
1544.66	0
1545.42	0
1546.18	0
1546.95	0
1547.71	0
1548.47	0
1549.23	0
1550	0
1550.76	0
1551.52	0
1552.28	0
1553.05	0
1553.81	0
1554.57	0
1555.33	0
1556.1	0
1556.86	0
1557.62	0
1558.38	1
1559.15	0
1559.91	0
1560.67	0
1561.43	0
1562.2	0
1562.96	0
1563.72	0
1564.48	0
1565.25	0
1566.01	0
1566.77	0
1567.53	0
1568.3	0
1569.06	0
1569.82	0
1570.58	0
1571.35	0
1572.11	0
1572.87	0
1573.63	0
1574.4	0
1575.16	0
1575.92	0
1576.68	0
1577.45	0
1578.21	0
1578.97	0
1579.73	0
1580.5	0
1581.26	0
1582.02	2
1582.78	0
1583.55	0
1584.31	1
1585.07	0
1585.83	0
1586.6	0
1587.36	0
1588.12	0
1588.88	0
1589.65	0
1590.41	0
1591.17	0
1591.93	0
1592.7	0
1593.46	0
1594.22	0
1594.98	0
1595.75	0
1596.51	0
1597.27	0
1598.03	0
1598.8	0
1599.56	0
1600.32	0
1601.08	0
1601.85	2
1602.61	0
1603.37	0
1604.13	0
1604.9	0
1605.66	0
1606.42	0
1607.18	0
1607.95	0
1608.71	0
1609.47	0
1610.23	0
1611	0
1611.76	0
1612.52	0
1613.28	0
1614.05	0
1614.81	0
1615.57	0
1616.33	0
1617.1	0
1617.86	0
1618.62	0
1619.38	0
1620.15	0
1620.91	0
1621.67	0
1622.43	0
1623.2	0
1623.96	0
1624.72	0
1625.48	0
1626.25	0
1627.01	0
1627.77	0
1628.53	0
1629.3	0
1630.06	0
1630.82	0
1631.58	0
1632.35	1
1633.11	0
1633.87	0
1634.63	0
1635.4	0
1636.16	0
1636.92	0
1637.68	0
1638.45	0
1639.21	0
1639.97	0
1640.73	0
1641.5	0
1642.26	0
1643.02	0
1643.78	0
1644.55	0
1645.31	1
1646.07	0
1646.83	0
1647.6	0
1648.36	0
1649.12	0
1649.88	0
1650.65	0
1651.41	0
1652.17	0
1652.93	0
1653.7	0
1654.46	0
1655.22	0
1655.98	0
1656.75	0
1657.51	0
1658.27	0
1659.03	0
1659.8	0
1660.56	0
1661.32	0
1662.08	0
1662.85	0
1663.61	0
1664.37	0
1665.13	0
1665.9	0
1666.66	1
1667.42	0
1668.18	0
1668.95	0
1669.71	0
1670.47	0
1671.23	0
1672	0
1672.76	0
1673.52	0
1674.28	0
1675.05	0
1675.81	0
1676.57	0
1677.33	0
1678.1	0
1678.86	0
1679.62	0
1680.38	0
1681.15	0
1681.91	0
1682.67	0
1683.43	1
1684.2	0
1684.96	0
1685.72	0
1686.48	0
1687.25	0
1688.01	0
1688.77	0
1689.53	0
1690.3	0
1691.06	0
1691.82	0
1692.58	0
1693.35	0
1694.11	0
1694.87	0
1695.63	0
1696.4	0
1697.16	0
1697.92	0
1698.68	0
1699.45	0
1700.21	0
1700.97	0
1701.73	0
1702.5	0
1703.26	0
1704.02	0
1704.78	0
1705.55	0
1706.31	0
1707.07	0
1707.83	1
1708.6	0
1709.36	0
1710.12	0
1710.88	0
1711.65	0
1712.41	0
1713.17	0
1713.93	0
1714.7	0
1715.46	0
1716.22	0
1716.98	0
1717.75	0
1718.51	0
1719.27	0
1720.03	0
1720.8	0
1721.56	0
1722.32	0
1723.08	0
1723.85	0
1724.61	0
1725.37	0
1726.13	0
1726.9	0
1727.66	0
1728.42	0
1729.18	0
1729.95	0
1730.71	0
1731.47	0
1732.23	0
1733	0
1733.76	0
1734.52	0
1735.28	0
1736.05	0
1736.81	0
1737.57	0
1738.33	0
1739.1	0
1739.86	0
1740.62	0
1741.38	0
1742.15	0
1742.91	0
1743.67	0
1744.43	0
1745.2	0
1745.96	0
1746.72	0
1747.48	0
1748.25	0
1749.01	0
1749.77	0
1750.53	0
1751.3	0
1752.06	0
1752.82	0
1753.58	0
1754.35	0
1755.11	0
1755.87	0
1756.63	0
1757.4	1
1758.16	0
1758.92	0
1759.68	0
1760.45	0
1761.21	0
1761.97	0
1762.73	0
1763.5	0
1764.26	0
1765.02	0
1765.78	0
1766.55	0
1767.31	0
1768.07	0
1768.83	0
1769.6	0
1770.36	0
1771.12	0
1771.88	0
1772.65	0
1773.41	0
1774.17	0
1774.93	0
1775.7	0
1776.46	0
1777.22	0
1777.98	0
1778.75	0
1779.51	0
1780.27	0
1781.03	0
1781.8	0
1782.56	0
1783.32	0
1784.08	0
1784.85	0
1785.61	0
1786.37	0
1787.13	0
1787.9	0
1788.66	0
1789.42	0
1790.18	0
1790.95	0
1791.71	0
1792.47	0
1793.23	0
1794	0
1794.76	0
1795.52	0
1796.28	0
1797.05	0
1797.81	1
1798.57	0
1799.33	0
1800.1	0
1800.86	1
1801.62	0
1802.38	0
1803.15	0
1803.91	0
1804.67	0
1805.43	0
1806.2	0
1806.96	0
1807.72	0
1808.48	0
1809.25	0
1810.01	0
1810.77	0
1811.53	0
1812.3	1
1813.06	0
1813.82	0
1814.58	0
1815.35	0
1816.11	0
1816.87	0
1817.63	0
1818.4	0
1819.16	0
1819.92	0
1820.68	0
1821.45	0
1822.21	0
1822.97	0
1823.73	0
1824.5	0
1825.26	0
1826.02	0
1826.78	0
1827.55	0
1828.31	0
1829.07	0
1829.83	0
1830.6	0
1831.36	0
1832.12	0
1832.88	0
1833.65	0
1834.41	0
1835.17	0
1835.93	0
1836.7	0
1837.46	0
1838.22	0
1838.98	0
1839.75	0
1840.51	0
1841.27	1
1842.03	0
1842.8	0
1843.56	0
1844.32	0
1845.08	0
1845.85	0
1846.61	0
1847.37	0
1848.13	0
1848.9	0
1849.66	0
1850.42	0
1851.18	0
1851.95	0
1852.71	0
1853.47	0
1854.23	0
1855	0
1855.76	0
1856.52	0
1857.28	0
1858.05	0
1858.81	0
1859.57	0
1860.33	0
1861.1	0
1861.86	0
1862.62	0
1863.38	0
1864.15	0
1864.91	0
1865.67	1
1866.43	0
1867.2	0
1867.96	0
1868.72	0
1869.48	0
1870.25	0
1871.01	0
1871.77	0
1872.53	0
1873.3	0
1874.06	0
1874.82	1
1875.58	0
1876.35	0
1877.11	0
1877.87	0
1878.63	0
1879.4	0
1880.16	0
1880.92	0
1881.68	0
1882.45	0
1883.21	0
1883.97	0
1884.73	0
1885.5	0
1886.26	0
1887.02	0
1887.78	0
1888.55	0
1889.31	2
1890.07	0
1890.83	0
1891.6	0
1892.36	0
1893.12	0
1893.88	0
1894.65	0
1895.41	0
1896.17	0
1896.93	0
1897.7	0
1898.46	0
1899.22	0
1899.98	0
1900.75	0
1901.51	0
1902.27	0
1903.03	0
1903.8	0
1904.56	0
1905.32	0
1906.08	0
1906.85	0
1907.61	0
1908.37	0
1909.13	0
1909.9	0
1910.66	0
1911.42	0
1912.18	0
1912.95	0
1913.71	0
1914.47	0
1915.23	0
1916	0
1916.76	0
1917.52	0
1918.28	0
1919.05	0
1919.81	0
1920.57	0
1921.33	0
1922.1	0
1922.86	0
1923.62	0
1924.38	0
1925.15	0
1925.91	0
1926.67	0
1927.43	0
1928.2	0
1928.96	0
1929.72	0
1930.48	0
1931.25	0
1932.01	0
1932.77	0
1933.53	0
1934.3	0
1935.06	0
1935.82	0
1936.58	0
1937.35	0
1938.11	0
1938.87	0
1939.63	0
1940.4	0
1941.16	0
1941.92	0
1942.68	0
1943.45	0
1944.21	0
1944.97	0
1945.73	0
1946.5	0
1947.26	0
1948.02	0
1948.78	0
1949.55	0
1950.31	0
1951.07	0
1951.83	0
1952.6	0
1953.36	0
1954.12	0
1954.88	0
1955.65	0
1956.41	0
1957.17	0
1957.93	0
1958.7	0
1959.46	0
1960.22	0
1960.98	1
1961.75	0
1962.51	0
1963.27	0
1964.03	0
1964.8	0
1965.56	0
1966.32	0
1967.08	0
1967.85	0
1968.61	0
1969.37	0
1970.13	0
1970.9	0
1971.66	0
1972.42	0
1973.18	0
1973.95	0
1974.71	0
1975.47	0
1976.23	0
1977	0
1977.76	0
1978.52	0
1979.28	0
1980.05	0
1980.81	0
1981.57	0
1982.33	0
1983.1	0
1983.86	0
1984.62	0
1985.38	0
1986.15	0
1986.91	1
1987.67	0
1988.43	0
1989.2	0
1989.96	0
1990.72	0
1991.48	0
1992.25	0
1993.01	0
1993.77	0
1994.53	0
1995.3	0
1996.06	0
1996.82	0
1997.58	0
1998.35	0
1999.11	0
1999.87	0
2000.63	0
2001.4	0
2002.16	0
2002.92	0
2003.68	0
2004.45	0
2005.21	0
2005.97	0
2006.73	0
2007.5	0
2008.26	0
2009.02	0
2009.78	0
2010.55	0
2011.31	0
2012.07	0
2012.83	0
2013.6	0
2014.36	0
2015.12	0
2015.88	0
2016.65	0
2017.41	0
2018.17	0
2018.93	0
2019.7	0
2020.46	0
2021.22	0
2021.98	0
2022.75	0
2023.51	0
2024.27	0
2025.03	0
2025.8	0
2026.56	0
2027.32	0
2028.08	0
2028.85	0
2029.61	0
2030.37	0
2031.13	0
2031.9	0
2032.66	0
2033.42	0
2034.18	0
2034.95	0
2035.71	0
2036.47	0
2037.23	0
2038	0
2038.76	0
2039.52	0
2040.28	0
2041.05	0
2041.81	0
2042.57	0
2043.33	0
2044.1	0
2044.86	0
2045.62	0
2046.38	0
2047.15	0
2047.91	0
2048.67	0
2049.43	0
2050.2	0
2050.96	0
2051.72	0
2052.48	0
2053.25	0
2054.01	0
2054.77	0
2055.53	0
2056.3	0
2057.06	0
2057.82	0
2058.58	0
2059.35	0
2060.11	0
2060.87	0
2061.63	0
2062.4	0
2063.16	0
2063.92	0
2064.68	0
2065.45	0
2066.21	0
2066.97	0
2067.73	0
2068.5	0
2069.26	0
2070.02	0
2070.78	0
2071.55	0
2072.31	0
2073.07	0
2073.83	0
2074.6	0
2075.36	0
2076.12	0
2076.88	0
2077.65	0
2078.41	0
2079.17	0
2079.93	0
2080.7	0
2081.46	0
2082.22	0
2082.98	1
2083.75	0
2084.51	0
2085.27	0
2086.03	0
2086.8	0
2087.56	0
2088.32	0
2089.08	0
2089.85	0
2090.61	0
2091.37	0
2092.13	0
2092.9	0
2093.66	0
2094.42	0
2095.18	0
2095.95	0
2096.71	0
2097.47	0
2098.23	0
2099	0
2099.76	0
2100.52	0
2101.28	0
2102.05	0
2102.81	0
2103.57	0
2104.33	0
2105.1	0
2105.86	0
2106.62	0
2107.38	0
2108.15	0
2108.91	0
2109.67	0
2110.43	0
2111.2	0
2111.96	0
2112.72	1
2113.48	0
2114.25	0
2115.01	0
2115.77	0
2116.53	0
2117.3	0
2118.06	0
2118.82	0
2119.58	0
2120.35	0
2121.11	0
2121.87	0
2122.63	0
2123.4	0
2124.16	0
2124.92	0
2125.68	0
2126.45	0
2127.21	0
2127.97	0
2128.73	0
2129.5	0
2130.26	0
2131.02	0
2131.78	0
2132.55	0
2133.31	0
2134.07	0
2134.83	0
2135.6	0
2136.36	0
2137.12	0
2137.88	0
2138.65	0
2139.41	0
2140.17	0
2140.93	0
2141.7	0
2142.46	0
2143.22	0
2143.98	0
2144.75	0
2145.51	0
2146.27	0
2147.03	0
2147.8	0
2148.56	0
2149.32	0
2150.08	0
2150.85	0
2151.61	0
2152.37	0
2153.13	0
2153.9	0
2154.66	0
2155.42	0
2156.18	0
2156.95	0
2157.71	0
2158.47	0
2159.23	0
2160	0
2160.76	0
2161.52	0
2162.28	0
2163.05	0
2163.81	0
2164.57	0
2165.33	0
2166.1	0
2166.86	0
2167.62	0
2168.38	1
2169.15	0
2169.91	0
2170.67	0
2171.43	0
2172.2	0
2172.96	0
2173.72	0
2174.48	0
2175.25	0
2176.01	0
2176.77	0
2177.53	0
2178.3	0
2179.06	0
2179.82	0
2180.58	0
2181.35	0
2182.11	0
2182.87	0
2183.63	0
2184.4	0
2185.16	0
2185.92	0
2186.68	0
2187.45	0
2188.21	0
2188.97	0
2189.73	0
2190.5	0
2191.26	0
2192.02	0
2192.78	0
2193.55	0
2194.31	0
2195.07	0
2195.83	0
2196.6	1
2197.36	0
2198.12	0
2198.88	0
2199.65	0
2200.41	0
2201.17	0
2201.93	0
2202.7	0
2203.46	0
2204.22	0
2204.98	0
2205.75	0
2206.51	0
2207.27	0
2208.03	0
2208.8	1
2209.56	0
2210.32	0
2211.08	0
2211.85	0
2212.61	0
2213.37	0
2214.13	0
2214.9	0
2215.66	0
2216.42	0
2217.18	0
2217.95	0
2218.71	0
2219.47	0
2220.23	0
2221	0
2221.76	0
2222.52	0
2223.28	0
2224.05	0
2224.81	0
2225.57	0
2226.33	0
2227.1	0
2227.86	0
2228.62	0
2229.38	0
2230.15	0
2230.91	0
2231.67	0
2232.43	0
2233.2	0
2233.96	0
2234.72	0
2235.48	0
2236.25	0
2237.01	0
2237.77	0
2238.53	0
2239.3	0
2240.06	0
2240.82	0
2241.58	0
2242.35	0
2243.11	0
2243.87	0
2244.63	0
2245.4	0
2246.16	0
2246.92	0
2247.68	0
2248.45	0
2249.21	0
2249.97	0
2250.73	0
2251.5	0
2252.26	0
2253.02	0
2253.78	0
2254.55	0
2255.31	0
2256.07	0
2256.83	0
2257.6	0
2258.36	0
2259.12	0
2259.88	0
2260.65	0
2261.41	0
2262.17	0
2262.93	0
2263.7	0
2264.46	0
2265.22	0
2265.98	0
2266.75	0
2267.51	0
2268.27	0
2269.03	0
2269.8	0
2270.56	0
2271.32	0
2272.08	0
2272.85	1
2273.61	0
2274.37	0
2275.13	0
2275.9	0
2276.66	0
2277.42	0
2278.18	0
2278.95	0
2279.71	0
2280.47	0
2281.23	0
2282	0
2282.76	0
2283.52	0
2284.28	0
2285.05	0
2285.81	0
2286.57	0
2287.33	1
2288.1	0
2288.86	0
2289.62	0
2290.38	0
2291.15	0
2291.91	0
2292.67	0
2293.43	0
2294.2	0
2294.96	0
2295.72	0
2296.48	0
2297.25	0
2298.01	1
2298.77	0
2299.53	1
2300.3	0
2301.06	0
2301.82	0
2302.58	0
2303.35	0
2304.11	0
2304.87	0
2305.63	0
2306.4	0
2307.16	0
2307.92	0
2308.68	0
2309.45	0
2310.21	0
2310.97	0
2311.73	0
2312.5	0
2313.26	0
2314.02	0
2314.78	0
2315.55	0
2316.31	0
2317.07	0
2317.83	0
2318.6	0
2319.36	0
2320.12	0
2320.88	0
2321.65	0
2322.41	0
2323.17	0
2323.93	0
2324.7	0
2325.46	0
2326.22	0
2326.98	0
2327.75	0
2328.51	0
2329.27	0
2330.03	0
2330.8	0
2331.56	0
2332.32	0
2333.08	0
2333.85	0
2334.61	0
2335.37	0
2336.13	0
2336.9	0
2337.66	0
2338.42	0
2339.18	0
2339.95	0
2340.71	0
2341.47	0
2342.23	0
2343	0
2343.76	0
2344.52	0
2345.28	0
2346.05	0
2346.81	0
2347.57	0
2348.33	0
2349.1	0
2349.86	0
2350.62	0
2351.38	0
2352.15	0
2352.91	0
2353.67	0
2354.43	0
2355.2	0
2355.96	0
2356.72	0
2357.48	0
2358.25	0
2359.01	0
2359.77	0
2360.53	0
2361.3	0
2362.06	0
2362.82	0
2363.58	0
2364.35	0
2365.11	0
2365.87	0
2366.63	0
2367.4	0
2368.16	0
2368.92	0
2369.68	0
2370.45	0
2371.21	0
2371.97	1
2372.73	0
2373.5	0
2374.26	0
2375.02	0
2375.78	0
2376.55	0
2377.31	0
2378.07	0
2378.83	0
2379.6	0
2380.36	0
2381.12	0
2381.88	0
2382.65	0
2383.41	0
2384.17	0
2384.93	0
2385.7	0
2386.46	0
2387.22	0
2387.98	0
2388.75	0
2389.51	0
2390.27	0
2391.03	0
2391.8	0
2392.56	0
2393.32	0
2394.08	0
2394.85	0
2395.61	0
2396.37	0
2397.13	0
2397.9	0
2398.66	0
2399.42	0
2400.18	0
2400.95	0
2401.71	0
2402.47	0
2403.23	0
2404	0
2404.76	0
2405.52	0
2406.28	0
2407.05	0
2407.81	0
2408.57	0
2409.33	0
2410.1	0
2410.86	0
2411.62	0
2412.38	0
2413.15	0
2413.91	0
2414.67	0
2415.43	0
2416.2	0
2416.96	0
2417.72	0
2418.48	0
2419.25	0
2420.01	0
2420.77	0
2421.53	0
2422.3	0
2423.06	0
2423.82	0
2424.58	0
2425.35	0
2426.11	0
2426.87	0
2427.63	0
2428.4	0
2429.16	0
2429.92	0
2430.68	0
2431.45	0
2432.21	0
2432.97	0
2433.73	0
2434.5	0
2435.26	0
2436.02	0
2436.78	0
2437.55	0
2438.31	0
2439.07	0
2439.83	0
2440.6	0
2441.36	0
2442.12	0
2442.88	0
2443.65	0
2444.41	0
2445.17	0
2445.93	0
2446.7	0
2447.46	0
2448.22	0
2448.98	0
2449.75	0
2450.51	0
2451.27	0
2452.03	0
2452.8	0
2453.56	0
2454.32	0
2455.08	0
2455.85	0
2456.61	0
2457.37	0
2458.13	0
2458.9	0
2459.66	0
2460.42	0
2461.18	0
2461.95	0
2462.71	0
2463.47	0
2464.23	0
2465	0
2465.76	0
2466.52	0
2467.28	0
2468.05	0
2468.81	0
2469.57	0
2470.33	0
2471.1	0
2471.86	0
2472.62	0
2473.38	0
2474.15	1
2474.91	0
2475.67	0
2476.43	0
2477.2	0
2477.96	0
2478.72	0
2479.48	0
2480.25	0
2481.01	0
2481.77	0
2482.53	0
2483.3	0
2484.06	0
2484.82	0
2485.58	0
2486.35	0
2487.11	0
2487.87	0
2488.63	0
2489.4	0
2490.16	0
2490.92	0
2491.68	0
2492.45	0
2493.21	0
2493.97	0
2494.73	0
2495.5	0
2496.26	0
2497.02	0
2497.78	0
2498.55	0
2499.31	0
2500.07	0
2500.83	0
2501.6	0
2502.36	0
2503.12	0
2503.88	0
2504.65	0
2505.41	0
2506.17	0
2506.93	0
2507.7	0
2508.46	0
2509.22	0
2509.98	0
2510.75	0
2511.51	0
2512.27	0
2513.03	0
2513.8	0
2514.56	0
2515.32	0
2516.08	0
2516.85	0
2517.61	0
2518.37	0
2519.13	0
2519.9	0
2520.66	0
2521.42	0
2522.18	0
2522.95	0
2523.71	0
2524.47	0
2525.23	0
2526	0
2526.76	0
2527.52	0
2528.28	0
2529.05	0
2529.81	0
2530.57	0
2531.33	0
2532.1	0
2532.86	0
2533.62	0
2534.38	0
2535.15	0
2535.91	0
2536.67	0
2537.43	0
2538.2	0
2538.96	0
2539.72	0
2540.48	0
2541.25	0
2542.01	0
2542.77	0
2543.53	1
2544.3	0
2545.06	0
2545.82	0
2546.58	0
2547.35	0
2548.11	0
2548.87	0
2549.63	0
2550.4	0
2551.16	0
2551.92	0
2552.68	0
2553.45	0
2554.21	0
2554.97	0
2555.73	0
2556.5	0
2557.26	0
2558.02	0
2558.78	0
2559.55	0
2560.31	0
2561.07	0
2561.83	0
2562.6	0
2563.36	0
2564.12	0
2564.88	0
2565.65	0
2566.41	0
2567.17	0
2567.93	0
2568.7	0
2569.46	0
2570.22	0
2570.98	0
2571.75	0
2572.51	0
2573.27	0
2574.03	0
2574.8	0
2575.56	0
2576.32	0
2577.08	0
2577.85	0
2578.61	0
2579.37	0
2580.13	0
2580.9	0
2581.66	0
2582.42	0
2583.18	0
2583.95	0
2584.71	0
2585.47	0
2586.23	1
2587	0
2587.76	0
2588.52	1
2589.28	0
2590.05	0
2590.81	0
2591.57	0
2592.33	0
2593.1	0
2593.86	0
2594.62	0
2595.38	0
2596.15	0
2596.91	0
2597.67	2
2598.43	0
2599.2	0
2599.96	0
2600.72	0
2601.48	0
2602.25	0
2603.01	0
2603.77	0
2604.53	0
2605.3	0
2606.06	0
2606.82	0
2607.58	0
2608.35	0
2609.11	0
2609.87	0
2610.63	0
2611.4	0
2612.16	0
2612.92	0
2613.68	0
2614.45	0
2615.21	0
2615.97	0
2616.73	0
2617.5	1
2618.26	0
2619.02	0
2619.78	0
2620.55	0
2621.31	0
2622.07	0
2622.83	1
2623.6	0
2624.36	0
2625.12	0
2625.88	0
2626.65	0
2627.41	0
2628.17	0
2628.93	0
2629.7	0
2630.46	0
2631.22	0
2631.98	0
2632.75	0
2633.51	0
2634.27	0
2635.03	0
2635.8	0
2636.56	0
2637.32	0
2638.08	0
2638.85	0
2639.61	0
2640.37	0
2641.13	0
2641.9	0
2642.66	0
2643.42	0
2644.18	0
2644.95	0
2645.71	0
2646.47	0
2647.23	0
2648	0
2648.76	0
2649.52	0
2650.28	0
2651.05	0
2651.81	0
2652.57	0
2653.33	0
2654.1	0
2654.86	0
2655.62	0
2656.38	0
2657.15	0
2657.91	0
2658.67	0
2659.43	0
2660.2	0
2660.96	0
2661.72	0
2662.48	0
2663.25	0
2664.01	0
2664.77	0
2665.53	0
2666.3	0
2667.06	0
2667.82	0
2668.58	0
2669.35	0
2670.11	0
2670.87	0
2671.63	0
2672.4	0
2673.16	0
2673.92	0
2674.68	0
2675.45	0
2676.21	0
2676.97	0
2677.73	0
2678.5	0
2679.26	0
2680.02	0
2680.78	0
2681.55	0
2682.31	0
2683.07	0
2683.83	0
2684.6	0
2685.36	0
2686.12	0
2686.88	0
2687.65	0
2688.41	0
2689.17	0
2689.93	0
2690.7	0
2691.46	0
2692.22	0
2692.98	0
2693.75	0
2694.51	0
2695.27	0
2696.03	0
2696.8	0
2697.56	0
2698.32	0
2699.08	0
2699.85	0
2700.61	0
2701.37	0
2702.13	0
2702.9	0
2703.66	0
2704.42	0
2705.18	0
2705.95	0
2706.71	0
2707.47	0
2708.23	0
2709	0
2709.76	0
2710.52	0
2711.28	0
2712.05	0
2712.81	1
2713.57	0
2714.33	0
2715.1	0
2715.86	0
2716.62	0
2717.38	0
2718.15	0
2718.91	0
2719.67	0
2720.43	0
2721.2	0
2721.96	0
2722.72	0
2723.48	0
2724.25	0
2725.01	0
2725.77	0
2726.53	0
2727.3	0
2728.06	0
2728.82	0
2729.58	0
2730.35	0
2731.11	0
2731.87	0
2732.63	1
2733.4	0
2734.16	0
2734.92	0
2735.68	0
2736.45	0
2737.21	0
2737.97	0
2738.73	0
2739.5	0
2740.26	0
2741.02	0
2741.78	0
2742.55	0
2743.31	0
2744.07	0
2744.83	0
2745.6	0
2746.36	0
2747.12	0
2747.88	0
2748.65	0
2749.41	1
2750.17	0
2750.93	0
2751.7	0
2752.46	0
2753.22	0
2753.98	0
2754.75	0
2755.51	0
2756.27	0
2757.03	0
2757.8	0
2758.56	0
2759.32	0
2760.08	0
2760.85	0
2761.61	0
2762.37	0
2763.13	0
2763.9	0
2764.66	0
2765.42	0
2766.18	0
2766.95	0
2767.71	0
2768.47	0
2769.23	0
2770	0
2770.76	0
2771.52	0
2772.28	0
2773.05	0
2773.81	0
2774.57	0
2775.33	0
2776.1	0
2776.86	0
2777.62	0
2778.38	0
2779.15	0
2779.91	0
2780.67	0
2781.43	0
2782.2	0
2782.96	0
2783.72	0
2784.48	0
2785.25	0
2786.01	0
2786.77	0
2787.53	0
2788.3	0
2789.06	0
2789.82	0
2790.58	0
2791.35	0
2792.11	0
2792.87	0
2793.63	0
2794.4	0
2795.16	0
2795.92	0
2796.68	0
2797.45	0
2798.21	0
2798.97	0
2799.73	0
2800.5	0
2801.26	0
2802.02	0
2802.78	1
2803.55	0
2804.31	0
2805.07	0
2805.83	0
2806.6	0
2807.36	0
2808.12	0
2808.88	1
2809.65	0
2810.41	0
2811.17	0
2811.93	0
2812.7	0
2813.46	0
2814.22	0
2814.98	0
2815.75	0
2816.51	0
2817.27	0
2818.03	0
2818.8	0
2819.56	0
2820.32	0
2821.08	0
2821.85	0
2822.61	0
2823.37	0
2824.13	0
2824.9	0
2825.66	0
2826.42	0
2827.18	0
2827.95	0
2828.71	0
2829.47	0
2830.23	0
2831	0
2831.76	0
2832.52	0
2833.28	0
2834.05	0
2834.81	0
2835.57	0
2836.33	0
2837.1	0
2837.86	0
2838.62	0
2839.38	0
2840.15	0
2840.91	0
2841.67	0
2842.43	0
2843.2	0
2843.96	1
2844.72	0
2845.48	0
2846.25	1
2847.01	0
2847.77	0
2848.53	0
2849.3	0
2850.06	0
2850.82	0
2851.58	0
2852.35	0
2853.11	0
2853.87	0
2854.63	0
2855.4	0
2856.16	0
2856.92	0
2857.68	0
2858.45	0
2859.21	0
2859.97	0
2860.73	0
2861.5	0
2862.26	0
2863.02	0
2863.78	0
2864.55	0
2865.31	0
2866.07	0
2866.83	0
2867.6	0
2868.36	0
2869.12	0
2869.88	0
2870.65	0
2871.41	0
2872.17	0
2872.93	0
2873.7	0
2874.46	0
2875.22	0
2875.98	0
2876.75	0
2877.51	0
2878.27	0
2879.03	0
2879.8	0
2880.56	0
2881.32	0
2882.08	0
2882.85	0
2883.61	0
2884.37	0
2885.13	0
2885.9	0
2886.66	0
2887.42	0
2888.18	0
2888.95	0
2889.71	0
2890.47	0
2891.23	0
2892	0
2892.76	0
2893.52	1
2894.28	0
2895.05	0
2895.81	0
2896.57	0
2897.33	0
2898.1	0
2898.86	0
2899.62	0
2900.38	0
2901.15	0
2901.91	0
2902.67	0
2903.43	0
2904.2	0
2904.96	0
2905.72	0
2906.48	0
2907.25	0
2908.01	0
2908.77	0
2909.53	0
2910.3	0
2911.06	0
2911.82	0
2912.58	0
2913.35	0
2914.11	0
2914.87	0
2915.63	0
2916.4	0
2917.16	0
2917.92	0
2918.68	0
2919.45	0
2920.21	0
2920.97	0
2921.73	0
2922.5	0
2923.26	0
2924.02	0
2924.78	0
2925.55	0
2926.31	0
2927.07	0
2927.83	0
2928.6	0
2929.36	0
2930.12	0
2930.88	0
2931.65	0
2932.41	0
2933.17	0
2933.93	0
2934.7	0
2935.46	0
2936.22	0
2936.98	0
2937.75	0
2938.51	0
2939.27	1
2940.03	0
2940.8	0
2941.56	0
2942.32	0
2943.08	0
2943.85	0
2944.61	0
2945.37	0
2946.13	0
2946.9	1
2947.66	0
2948.42	0
2949.18	0
2949.95	0
2950.71	0
2951.47	0
2952.23	0
2953	0
2953.76	0
2954.52	0
2955.28	0
2956.05	0
2956.81	0
2957.57	0
2958.33	0
2959.1	0
2959.86	0
2960.62	0
2961.38	0
2962.15	0
2962.91	0
2963.67	0
2964.43	0
2965.2	0
2965.96	0
2966.72	0
2967.48	0
2968.25	0
2969.01	0
2969.77	0
2970.53	0
2971.3	0
2972.06	0
2972.82	0
2973.58	0
2974.35	0
2975.11	0
2975.87	0
2976.63	0
2977.4	0
2978.16	0
2978.92	0
2979.68	0
2980.45	0
2981.21	0
2981.97	0
2982.73	0
2983.5	0
2984.26	0
2985.02	0
2985.78	0
2986.55	0
2987.31	0
2988.07	0
2988.83	0
2989.6	0
2990.36	0
2991.12	0
2991.88	0
2992.65	0
2993.41	0
2994.17	0
2994.93	0
2995.7	0
2996.46	0
2997.22	0
2997.98	0
2998.75	0
2999.51	0
3000.27	0
3001.03	0
3001.8	0
3002.56	0
3003.32	0
3004.08	0
3004.85	0
3005.61	0
3006.37	0
3007.13	0
3007.9	0
3008.66	0
3009.42	0
3010.18	0
3010.95	0
3011.71	0
3012.47	0
3013.23	0
3014	0
3014.76	0
3015.52	0
3016.28	0
3017.05	0
3017.81	0
3018.57	0
3019.33	0
3020.1	0
3020.86	0
3021.62	0
3022.38	1
3023.15	0
3023.91	0
3024.67	0
3025.43	0
3026.2	0
3026.96	0
3027.72	0
3028.48	0
3029.25	0
3030.01	0
3030.77	0
3031.53	0
3032.3	0
3033.06	0
3033.82	0
3034.58	0
3035.35	0
3036.11	0
3036.87	0
3037.63	0
3038.4	0
3039.16	0
3039.92	0
3040.68	0
3041.45	0
3042.21	0
3042.97	0
3043.73	0
3044.5	0
3045.26	0
3046.02	0
3046.78	0
3047.55	0
3048.31	0
3049.07	0
3049.83	0
3050.6	0
3051.36	0
3052.12	0
3052.88	0
3053.65	0
3054.41	0
3055.17	0
3055.93	0
3056.7	0
3057.46	0
3058.22	0
3058.98	0
3059.75	0
3060.51	0
3061.27	0
3062.03	0
3062.8	0
3063.56	0
3064.32	0
3065.08	0
3065.85	0
3066.61	0
3067.37	0
3068.13	0
3068.9	0
3069.66	0
3070.42	0
3071.18	0
3071.95	0
3072.71	0
3073.47	0
3074.23	0
3075	0
3075.76	0
3076.52	0
3077.28	0
3078.05	0
3078.81	0
3079.57	0
3080.33	0
3081.1	0
3081.86	0
3082.62	0
3083.38	0
3084.15	0
3084.91	0
3085.67	0
3086.43	0
3087.2	0
3087.96	0
3088.72	0
3089.48	0
3090.25	0
3091.01	0
3091.77	0
3092.53	0
3093.3	0
3094.06	0
3094.82	0
3095.58	0
3096.35	0
3097.11	0
3097.87	0
3098.63	0
3099.4	0
3100.16	1
3100.92	0
3101.68	0
3102.45	0
3103.21	0
3103.97	0
3104.73	0
3105.5	0
3106.26	0
3107.02	0
3107.78	0
3108.55	0
3109.31	0
3110.07	0
3110.83	0