Lat_min	Lat_max	Lon_min	Lon_max	FeO_wt%	Error(%)
89	90	-180	-179	3.952725545	36.18485053
89	90	-179	-178	3.952720989	35.58930347
89	90	-178	-177	3.952833516	36.25959079
89	90	-177	-176	3.95282896	35.85538405
89	90	-176	-175	3.952941487	35.1907022
89	90	-175	-174	3.952936931	35.66351981
89	90	-174	-173	3.953049458	35.96441499
89	90	-173	-172	3.953044901	35.69045891
89	90	-172	-171	3.953157429	35.5185351
89	90	-171	-170	3.953269956	36.03052761
89	90	-170	-169	3.953265399	35.97380278
89	90	-169	-168	3.948041158	35.93463142
89	90	-168	-167	3.948032057	35.72966856
89	90	-167	-166	3.951444999	35.35817409
89	90	-166	-165	3.951426781	35.74751718
89	90	-165	-164	3.951525615	35.89159911
89	90	-164	-163	3.951511952	35.61522029
89	90	-163	-162	3.951606231	35.91259275
89	90	-162	-161	3.951592567	36.37384369
89	90	-161	-160	3.9516914	36.04053822
89	90	-160	-159	3.951677737	35.83142479
89	90	-159	-158	3.951772014	36.00553978
89	90	-158	-157	3.951758351	35.82564088
89	90	-157	-156	3.951857182	35.8974381
89	90	-156	-155	3.951843519	36.09116821
89	90	-155	-154	3.95194235	35.80485365
89	90	-154	-153	3.951928686	35.8343105
89	90	-153	-152	3.951915023	36.1071248
89	90	-152	-151	3.952013853	36.16781561
89	90	-151	-150	3.95200019	36.04520966
89	90	-150	-149	3.952099019	36.13754042
89	90	-149	-148	3.95208991	35.30824174
89	90	-148	-147	3.95218874	35.99835228
89	90	-147	-146	3.952175076	35.46677762
89	90	-146	-145	3.952165967	35.5253081
89	90	-145	-144	3.947389845	35.9229212
89	90	-144	-143	3.94737165	35.88973314
89	90	-143	-142	3.950751592	35.79283303
89	90	-142	-141	3.950724275	35.20332582
89	90	-141	-140	3.950701511	36.1707456
89	90	-140	-139	3.950791216	36.29370756
89	90	-139	-138	3.950763899	35.86166412
89	90	-138	-137	3.950741135	35.83565556
89	90	-137	-136	3.950830838	36.32399834
89	90	-136	-135	3.950808075	35.73141954
89	90	-135	-134	3.950780758	35.99770307
89	90	-134	-133	3.950757995	35.85318131
89	90	-133	-132	3.950847697	35.59567582
89	90	-132	-131	3.950824933	35.96086752
89	90	-131	-130	3.95080217	36.08663052
89	90	-130	-129	3.950891871	36.11613962
89	90	-129	-128	3.95087366	35.72616011
89	90	-128	-127	3.950850897	36.32537117
89	90	-127	-126	3.950828134	35.79311236
89	90	-126	-125	3.950917834	35.31085768
89	90	-125	-124	3.950899623	35.78447849
89	90	-124	-123	3.95087686	36.03850231
89	90	-123	-122	3.950858649	35.75766944
89	90	-122	-121	3.950835886	35.97918628
89	90	-121	-120	3.948900208	35.7268127
89	90	-120	-119	3.948877457	35.42875375
89	90	-119	-118	3.952050245	35.61126199
89	90	-118	-117	3.952022922	35.3463439
89	90	-117	-116	3.951991044	35.67537252
89	90	-116	-115	3.951963721	35.74167862
89	90	-115	-114	3.951936398	35.50056218
89	90	-114	-113	3.952021551	35.48063306
89	90	-113	-112	3.951994228	36.13823853
89	90	-112	-111	3.951966906	36.1709617
89	90	-111	-110	3.951939583	35.64573348
89	90	-110	-109	3.951912261	35.98216276
89	90	-109	-108	3.951884938	35.65964098
89	90	-108	-107	3.951857616	35.48895251
89	90	-107	-106	3.951834848	36.51367405
89	90	-106	-105	3.951807526	35.57432552
89	90	-105	-104	3.951780205	35.96035886
89	90	-104	-103	3.951757437	35.08060512
89	90	-103	-102	3.951730116	35.67429454
89	90	-102	-101	3.951707349	35.47565929
89	90	-101	-100	3.951680028	35.70970736
89	90	-100	-99	3.951657261	35.78222821
89	90	-99	-98	3.951634494	35.79848396
89	90	-98	-97	3.951607174	35.93536326
89	90	-97	-96	3.949895495	35.69831961
89	90	-96	-95	3.949868187	35.61302341
89	90	-95	-94	3.957184533	35.23694392
89	90	-94	-93	3.957143493	36.22372144
89	90	-93	-92	3.956989904	35.60846783
89	90	-92	-91	3.956948865	36.36157887
89	90	-91	-90	3.956907828	35.64051067
89	90	-90	-89	3.95687135	35.93781978
89	90	-89	-88	3.956830313	35.8880225
89	90	-88	-87	3.956793836	35.69423184
89	90	-87	-86	3.9567528	35.87989072
89	90	-86	-85	3.956603778	35.6277639
89	90	-85	-84	3.956562743	35.82378576
89	90	-84	-83	3.956526268	36.10003467
89	90	-83	-82	3.956489794	36.17561504
89	90	-82	-81	3.95645332	35.48766312
89	90	-81	-80	3.956304302	35.96304196
89	90	-80	-79	3.956267829	36.24885061
89	90	-79	-78	3.956231357	35.73559314
89	90	-78	-77	3.956199444	36.02956108
89	90	-77	-76	3.95605043	35.66094848
89	90	-76	-75	3.956018518	35.66763081
89	90	-75	-74	3.955982047	36.13772168
89	90	-74	-73	3.955950136	36.16125301
89	90	-73	-72	3.952360873	36.20372076
89	90	-72	-71	3.952324437	36.01223694
89	90	-71	-70	3.961156741	36.16955092
89	90	-70	-69	3.960989344	36.10639089
89	90	-69	-68	3.960934565	36.0640982
89	90	-68	-67	3.960884352	36.20753334
89	90	-67	-66	3.96071696	35.45296664
89	90	-66	-65	3.960662185	35.63268956
89	90	-65	-64	3.960611975	35.95540497
89	90	-64	-63	3.960444588	35.80823283
89	90	-63	-62	3.96039438	35.54649163
89	90	-62	-61	3.960344173	35.59362196
89	90	-61	-60	3.960181356	35.87277579
89	90	-60	-59	3.960135715	36.09426864
89	90	-59	-58	3.959972901	35.50425817
89	90	-58	-57	3.959927262	35.59012415
89	90	-57	-56	3.959764451	36.44822463
89	90	-56	-55	3.959718814	35.47358819
89	90	-55	-54	3.959673177	35.93199685
89	90	-54	-53	3.959519498	35.28418276
89	90	-53	-52	3.959473863	36.03193051
89	90	-52	-51	3.959320187	36.10463935
89	90	-51	-50	3.959274553	36.15788454
89	90	-50	-49	3.95912088	35.84286559
89	90	-49	-48	3.952714909	35.69459253
89	90	-48	-47	3.952556844	36.25948348
89	90	-47	-46	3.959834297	35.96385131
89	90	-46	-45	3.959662349	35.71597697
89	90	-45	-44	3.959598453	35.7218238
89	90	-44	-43	3.95942651	35.71064896
89	90	-43	-42	3.959367182	35.77700993
89	90	-42	-41	3.959199806	35.99340388
89	90	-41	-40	3.95914048	35.01364027
89	90	-40	-39	3.958973109	35.84192491
89	90	-39	-38	3.958918349	36.20288078
89	90	-38	-37	3.958755545	35.78320506
89	90	-37	-36	3.958700788	35.60378931
89	90	-36	-35	3.958537987	35.41887979
89	90	-35	-34	3.958487795	35.90666457
89	90	-34	-33	3.958329561	36.16031168
89	90	-33	-32	3.95827937	35.81084587
89	90	-32	-31	3.95812114	36.21126688
89	90	-31	-30	3.957967473	35.61010102
89	90	-30	-29	3.957921848	35.91897693
89	90	-29	-28	3.957768185	35.50740467
89	90	-28	-27	3.957727124	35.91038721
89	90	-27	-26	3.957573463	35.6859868
89	90	-26	-25	3.957536966	36.32990828
89	90	-25	-24	3.948957389	35.887134
89	90	-24	-23	3.948799394	36.00417494
89	90	-23	-22	3.95388723	35.15908309
89	90	-22	-21	3.953715428	35.85163269
89	90	-21	-20	3.953665293	35.80268709
89	90	-20	-19	3.953498053	36.35871445
89	90	-19	-18	3.95344792	35.48831566
89	90	-18	-17	3.953285242	35.87398655
89	90	-17	-16	3.953127123	35.92979417
89	90	-16	-15	3.95308155	35.94489763
89	90	-15	-14	3.952923434	36.42368
89	90	-14	-13	3.95288242	36.01592786
89	90	-13	-12	3.952728864	35.90279266
89	90	-12	-11	3.95257531	36.16715494
89	90	-11	-10	3.952538856	36.15709869
89	90	-10	-9	3.952389861	35.9205862
89	90	-9	-8	3.952353407	36.19160586
89	90	-8	-7	3.952208971	35.80609122
89	90	-7	-6	3.952064536	36.35358422
89	90	-6	-5	3.952037198	35.80990686
89	90	-5	-4	3.951892765	35.77028868
89	90	-4	-3	3.951869983	36.49231199
89	90	-3	-2	3.951730108	36.43489674
89	90	-2	-1	3.951707327	35.99843584
89	90	-1	0	3.944243776	36.18497191
89	90	0	1	3.944104063	36.24386125
89	90	1	2	3.948740514	35.73337475
89	90	2	3	3.948591595	36.46365043
89	90	3	4	3.948555174	35.7820043
89	90	4	5	3.948410811	35.82912132
89	90	5	6	3.948383496	35.82791322
89	90	6	7	3.948239134	35.77352713
89	90	7	8	3.948099326	36.11984395
89	90	8	9	3.948076564	35.48145684
89	90	9	10	3.94794131	35.85045973
89	90	10	11	3.947918549	35.76214356
89	90	11	12	3.947787848	35.85401585
89	90	12	13	3.947769639	36.32266146
89	90	13	14	3.947638939	36.2908586
89	90	14	15	3.947625283	35.86182662
89	90	15	16	3.947503687	35.90210934
89	90	16	17	3.947490032	35.89956674
89	90	17	18	3.947372988	35.37155937
89	90	18	19	3.947363885	35.5930235
89	90	19	20	3.947246841	35.83011435
89	90	20	21	3.947246841	35.75481343
89	90	21	22	3.947129798	35.81359418
89	90	22	23	3.94713435	35.80263742
89	90	23	24	3.942991337	35.71314588
89	90	24	25	3.942991337	35.99461586
89	90	25	26	3.944834468	36.24636301
89	90	26	27	3.944829919	36.1025678
89	90	27	28	3.944717458	35.52254972
89	90	28	29	3.944722007	35.25404431
89	90	29	30	3.944726556	35.85750035
89	90	30	31	3.944618643	35.15934695
89	90	31	32	3.944623192	35.51460609
89	90	32	33	3.944519828	35.65810063
89	90	33	34	3.944533475	35.58560633
89	90	34	35	3.944434659	35.7019389
89	90	35	36	3.944448306	35.44889539
89	90	36	37	3.944461952	36.01991978
89	90	37	38	3.944372233	35.81051643
89	90	38	39	3.944390428	35.68143824
89	90	39	40	3.944413172	36.01963865
89	90	40	41	3.944323453	36.27903524
89	90	41	42	3.944350746	35.98600479
89	90	42	43	3.944378039	35.88479362
89	90	43	44	3.944292867	35.70560568
89	90	44	45	3.944324709	36.02758816
89	90	45	46	3.944356551	35.68993745
89	90	46	47	3.944275927	36.20427068
89	90	47	48	3.941174864	35.88043692
89	90	48	49	3.94120668	35.40143608
89	90	49	50	3.942735408	35.65675328
89	90	50	51	3.942771784	36.12258543
89	90	51	52	3.942803615	36.31028476
89	90	52	53	3.942839992	36.10470547
89	90	53	54	3.942763923	36.30257503
89	90	54	55	3.9428003	36.24767492
89	90	55	56	3.942841226	35.83511121
89	90	56	57	3.942882151	35.84119122
89	90	57	58	3.942927625	36.35229382
89	90	58	59	3.942856101	35.81679686
89	90	59	60	3.942901575	36.42849486
89	90	60	61	3.942951597	36.09424895
89	90	61	62	3.94300162	36.36050792
89	90	62	63	3.943051643	35.70131935
89	90	63	64	3.943101667	36.3638064
89	90	64	65	3.943043785	35.93351107
89	90	65	66	3.943098357	36.11126687
89	90	66	67	3.94315293	36.41914845
89	90	67	68	3.943212052	36.67777196
89	90	68	69	3.943271174	36.02997868
89	90	69	70	3.943330298	35.75321623
89	90	70	71	3.943389422	36.09180896
89	90	71	72	3.940257084	35.5018575
89	90	72	73	3.940311617	35.92614864
89	90	73	74	3.943671413	36.05197903
89	90	74	75	3.943725994	35.80029486
89	90	75	76	3.943780576	35.85372784
89	90	76	77	3.943839708	36.27777161
89	90	77	78	3.94389884	36.12518913
89	90	78	79	3.943957973	35.92755162
89	90	79	80	3.944017107	36.03186979
89	90	80	81	3.944076242	36.10815869
89	90	81	82	3.944139927	36.14763208
89	90	82	83	3.944203613	36.21046887
89	90	83	84	3.9442673	35.93843085
89	90	84	85	3.944335538	35.73866077
89	90	85	86	3.944399227	36.17300671
89	90	86	87	3.944467466	35.47321866
89	90	87	88	3.944535707	35.80218919
89	90	88	89	3.944603949	35.71286924
89	90	89	90	3.944784671	35.83157319
89	90	90	91	3.944857467	36.1615955
89	90	91	92	3.944925713	35.66196199
89	90	92	93	3.944998511	36.05433172
89	90	93	94	3.945071311	35.84122289
89	90	94	95	3.945144111	35.99590487
89	90	95	96	3.942150101	35.8525007
89	90	96	97	3.942213752	35.36797272
89	90	97	98	3.948634297	35.98146558
89	90	98	99	3.948693502	35.81634047
89	90	99	100	3.948757262	36.03523843
89	90	100	101	3.948929004	35.86050995
89	90	101	102	3.948992767	35.57662957
89	90	102	103	3.949056531	35.34861697
89	90	103	104	3.949120296	35.86026956
89	90	104	105	3.949296602	35.98689499
89	90	105	106	3.949364925	36.00803444
89	90	106	107	3.949428694	35.88930708
89	90	107	108	3.949497019	35.84828169
89	90	108	109	3.949673334	35.80822607
89	90	109	110	3.949741663	35.88235705
89	90	110	111	3.949809993	36.3904332
89	90	111	112	3.949990871	35.46489054
89	90	112	113	3.950059204	35.5311674
89	90	113	114	3.950127538	35.31496949
89	90	114	115	3.950308424	35.72787587
89	90	115	116	3.950376762	35.83941834
89	90	116	117	3.950557653	35.40222275
89	90	117	118	3.95063055	35.55835459
89	90	118	119	3.950698893	36.27538489
89	90	119	120	3.943469197	35.96389358
89	90	120	121	3.943519221	35.96129265
89	90	121	122	3.952354963	36.50385487
89	90	122	123	3.952395985	35.89637692
89	90	123	124	3.952441566	36.24944624
89	90	124	125	3.952595167	36.05283797
89	90	125	126	3.95264075	36.44542765
89	90	126	127	3.952798912	36.17391436
89	90	127	128	3.952844496	36.02808773
89	90	128	129	3.952998102	36.20352443
89	90	129	130	3.953043689	36.056257
89	90	130	131	3.953201857	36.32551894
89	90	131	132	3.953247445	35.6071499
89	90	132	133	3.953293034	35.96686341
89	90	133	134	3.953451206	36.18430282
89	90	134	135	3.953496796	35.98520693
89	90	135	136	3.953650412	37.10366635
89	90	136	137	3.953696004	36.98478668
89	90	137	138	3.953854182	36.92471677
89	90	138	139	3.953899776	36.88713159
89	90	139	140	3.954057958	36.72493457
89	90	140	141	3.954216141	36.96406277
89	90	141	142	3.954261737	36.87514136
89	90	142	143	3.954419924	36.55967207
89	90	143	144	3.945415705	36.77903132
89	90	144	145	3.945555457	36.59064202
89	90	145	146	3.953292419	35.94878479
89	90	146	147	3.953418665	36.66525353
89	90	147	148	3.953436899	36.43364803
89	90	148	149	3.953567704	36.63490963
89	90	149	150	3.95358138	36.28024039
89	90	150	151	3.953712186	36.38184162
89	90	151	152	3.953838435	36.5837063
89	90	152	153	3.95385667	35.60938531
89	90	153	154	3.953987478	35.7090145
89	90	154	155	3.954001155	35.30847079
89	90	155	156	3.954131963	35.99705
89	90	156	157	3.954150199	35.17290935
89	90	157	158	3.95427645	35.49565012
89	90	158	159	3.95440726	35.90763761
89	90	159	160	3.954425497	36.28160438
89	90	160	161	3.954551749	35.56326774
89	90	161	162	3.954569986	36.13442822
89	90	162	163	3.954700798	35.5865445
89	90	163	164	3.954827052	35.79639934
89	90	164	165	3.95484529	36.13909487
89	90	165	166	3.954976103	35.84646012
89	90	166	167	3.954994342	36.05261227
89	90	167	168	3.947577101	35.88597584
89	90	168	169	3.947581652	35.33663145
89	90	169	170	3.951969744	35.70622287
89	90	170	171	3.952082272	35.87820125
89	90	171	172	3.952077716	35.56980339
89	90	172	173	3.952185687	35.89532896
89	90	173	174	3.952181131	36.29732354
89	90	174	175	3.952293659	34.81024383
89	90	175	176	3.952401631	35.51039905
89	90	176	177	3.952397075	35.79249011
89	90	177	178	3.952509602	35.54707153
89	90	178	179	3.952505046	35.69086781
89	90	179	180	3.952613017	35.65332882
88	89	-180	-179	3.974988823	35.73633733
88	89	-179	-178	3.976429289	36.3274951
88	89	-178	-177	3.977986882	35.68246637
88	89	-177	-176	3.979431905	35.9892268
88	89	-176	-175	3.975386872	35.70378494
88	89	-175	-174	3.976920501	35.49120639
88	89	-174	-173	3.978346202	35.8224258
88	89	-173	-172	3.97977189	35.72480008
88	89	-172	-171	3.981089656	36.06159303
88	89	-171	-170	3.982515318	35.64838275
88	89	-170	-169	3.983950113	35.74265258
88	89	-169	-168	3.985267845	35.95003682
88	89	-168	-167	3.986590141	35.86057228
88	89	-167	-166	3.98802948	35.18511692
88	89	-166	-165	3.989351757	35.70549863
88	89	-165	-164	3.990570701	35.67715571
88	89	-164	-163	3.991897539	35.47174766
88	89	-163	-162	3.993121049	35.97131807
88	89	-162	-161	3.994452452	35.77688664
88	89	-161	-160	3.995675952	35.60848829
88	89	-160	-159	4.000308844	35.73642246
88	89	-159	-158	4.001406589	35.90703134
88	89	-158	-157	4.002621437	35.46809005
88	89	-157	-156	4.003719167	35.68825249
88	89	-156	-155	4.004826064	36.03479119
88	89	-155	-154	4.005932955	36.1732494
88	89	-154	-153	4.006927317	36.66669449
88	89	-153	-152	4.008038787	36.94097248
88	89	-152	-151	4.004006176	36.94104433
88	89	-151	-150	4.004981552	37.25105635
88	89	-150	-149	4.00585364	36.80423141
88	89	-149	-148	4.006833584	36.70726489
88	89	-148	-147	4.007705658	36.13731849
88	89	-147	-146	4.008582313	36.58103126
88	89	-146	-145	4.009454375	36.96525213
88	89	-145	-144	4.010223158	36.61950472
88	89	-144	-143	4.01098735	36.58619224
88	89	-143	-142	4.011756126	36.7708922
88	89	-142	-141	4.012529487	36.39087882
88	89	-141	-140	4.013302844	36.0209246
88	89	-140	-139	4.013963753	36.08803254
88	89	-139	-138	4.01462925	36.35613273
88	89	-138	-137	4.015294745	35.85796971
88	89	-137	-136	4.015847793	35.63338547
88	89	-136	-135	4.019893665	35.95580273
88	89	-135	-134	4.020437757	35.83573127
88	89	-134	-133	4.020977251	35.59068432
88	89	-133	-132	4.021408844	35.08374953
88	89	-132	-131	4.021957525	35.284641
88	89	-131	-130	4.02239371	35.27847304
88	89	-130	-129	4.022829894	35.59338472
88	89	-129	-128	4.023270673	35.63655546
88	89	-128	-127	4.021583572	35.07022149
88	89	-127	-126	4.021907174	35.49798935
88	89	-126	-125	4.02222618	35.45469208
88	89	-125	-124	4.022554374	35.95782207
88	89	-124	-123	4.022877972	36.02416812
88	89	-123	-122	4.023206164	35.46347934
88	89	-122	-121	4.023421895	35.62720329
88	89	-121	-120	4.023637625	34.94989176
88	89	-120	-119	4.023857951	35.05854809
88	89	-119	-118	4.024078276	35.66376891
88	89	-118	-117	4.024298602	35.35794265
88	89	-117	-116	4.024523523	34.76487235
88	89	-116	-115	4.024631387	35.25538612
88	89	-115	-114	4.024748444	35.23404716
88	89	-114	-113	4.024860904	35.46138969
88	89	-113	-112	4.024973365	35.12201153
88	89	-112	-111	4.028364595	34.93066826
88	89	-111	-110	4.028463302	35.51007271
88	89	-110	-109	4.0284495	35.17066175
88	89	-109	-108	4.028552807	35.35170791
88	89	-108	-107	4.028539005	35.25414435
88	89	-107	-106	4.028529804	35.30247416
88	89	-106	-105	4.028520603	35.22670956
88	89	-105	-104	4.028516002	35.64577532
88	89	-104	-103	4.026731401	35.62208753
88	89	-103	-102	4.026605124	35.2450956
88	89	-102	-101	4.026591329	35.44959566
88	89	-101	-100	4.026469652	35.16208401
88	89	-100	-99	4.026347975	35.2587823
88	89	-99	-98	4.02633418	34.70862613
88	89	-98	-97	4.026212504	35.31995149
88	89	-97	-96	4.026090828	35.31731533
88	89	-96	-95	4.02586127	35.41776831
88	89	-95	-94	4.025739594	35.69815099
88	89	-94	-93	4.025622516	34.51550103
88	89	-93	-92	4.025388362	35.62292536
88	89	-92	-91	4.025271285	35.35019326
88	89	-91	-90	4.025041728	36.04686852
88	89	-90	-89	4.024807574	35.53887054
88	89	-89	-88	4.024578019	35.49540394
88	89	-88	-87	4.031733582	35.99464183
88	89	-87	-86	4.031457748	35.87904948
88	89	-86	-85	4.031186522	35.43214383
88	89	-85	-84	4.030802716	36.22757143
88	89	-84	-83	4.030531498	36.52642393
88	89	-83	-82	4.0301477	36.24670039
88	89	-82	-81	4.029768511	36.90178562
88	89	-81	-80	4.029384721	36.40142427
88	89	-80	-79	4.02547598	36.79329
88	89	-79	-78	4.025083196	36.67742035
88	89	-78	-77	4.024690419	36.85341439
88	89	-77	-76	4.024185119	36.27829522
88	89	-76	-75	4.023679826	36.38839832
88	89	-75	-74	4.023174541	36.11773991
88	89	-74	-73	4.022669263	36.39998716
88	89	-73	-72	4.02216859	36.48938738
88	89	-72	-71	4.021663326	36.57912374
88	89	-71	-70	4.021158069	36.67356094
88	89	-70	-69	4.020544894	36.2484544
88	89	-69	-68	4.01992713	36.135868
88	89	-68	-67	4.019313972	36.41620356
88	89	-67	-66	4.018700821	36.38922094
88	89	-66	-65	4.017970564	36.08675164
88	89	-65	-64	4.017357431	36.24910615
88	89	-64	-63	4.025411528	35.95781586
88	89	-63	-62	4.024629767	34.92187017
88	89	-62	-61	4.02385263	35.59349895
88	89	-61	-60	4.02295827	35.79658493
88	89	-60	-59	4.022181176	35.23933834
88	89	-59	-58	4.021296067	35.65735358
88	89	-58	-57	4.020406378	35.948253
88	89	-57	-56	4.019521313	35.51671308
88	89	-56	-55	4.012181149	36.10847754
88	89	-55	-54	4.011273976	35.28398239
88	89	-54	-53	4.010254294	35.32331388
88	89	-53	-52	4.009239233	36.01605455
88	89	-52	-51	4.008107079	35.44782043
88	89	-51	-50	4.007092081	35.64773481
88	89	-50	-49	4.005964582	35.51422197
88	89	-49	-48	4.004841704	35.4139228
88	89	-48	-47	4.003718858	35.22491065
88	89	-47	-46	4.002478932	35.68843009
88	89	-46	-45	4.001360738	35.42049212
88	89	-45	-44	4.000125466	35.40393416
88	89	-44	-43	3.998894814	35.65695681
88	89	-43	-42	3.997664195	35.5984272
88	89	-42	-41	3.996321091	35.18321525
88	89	-41	-40	3.994982606	35.66825674
88	89	-40	-39	4.000749963	35.31408483
88	89	-39	-38	3.999364344	35.28388654
88	89	-38	-37	3.99798795	35.96777835
88	89	-37	-36	3.996611606	35.35925525
88	89	-36	-35	3.9951227	35.25654163
88	89	-35	-34	3.993638431	35.53206226
88	89	-34	-33	3.992154213	35.77357204
88	89	-33	-32	3.990674628	35.48692598
88	89	-32	-31	3.981008205	35.40817501
88	89	-31	-30	3.979390523	35.45191087
88	89	-30	-29	3.977889955	35.97268059
88	89	-29	-28	3.976281537	34.70644352
88	89	-28	-27	3.974668613	35.60771313
88	89	-27	-26	3.973064884	35.3477012
88	89	-26	-25	3.971348744	35.6010423
88	89	-25	-24	3.969745136	35.84665194
88	89	-24	-23	3.968150712	35.46828467
88	89	-23	-22	3.966439317	35.46498174
88	89	-22	-21	3.964737105	35.66089918
88	89	-21	-20	3.96314741	35.29314433
88	89	-20	-19	3.961449868	35.39382896
88	89	-19	-18	3.95975238	35.80862992
88	89	-18	-17	3.958059503	36.04229527
88	89	-17	-16	3.956371234	36.2869436
88	89	-16	-15	3.959437751	36.33204897
88	89	-15	-14	3.957725645	37.40335799
88	89	-14	-13	3.956018158	36.80396283
88	89	-13	-12	3.954315287	36.71622845
88	89	-12	-11	3.952504512	36.71248995
88	89	-11	-10	3.950810865	36.82245306
88	89	-10	-9	3.949004757	37.87961525
88	89	-9	-8	3.94732032	37.99624284
88	89	-8	-7	3.938664975	37.50137054
88	89	-7	-6	3.936847151	37.89402537
88	89	-6	-5	3.935146334	38.35321729
88	89	-5	-4	3.933333171	37.74670608
88	89	-4	-3	3.931641546	37.16795963
88	89	-3	-2	3.929949973	37.52666021
88	89	-2	-1	3.928155129	37.31021804
88	89	-1	0	3.926472731	36.82130978
88	89	0	1	3.924799449	37.18778067
88	89	1	2	3.923013819	36.58559184
88	89	2	3	3.921345159	37.25726608
88	89	3	4	3.919685602	37.09622426
88	89	4	5	3.918026083	36.79496585
88	89	5	6	3.91637113	36.65854502
88	89	6	7	3.914725268	36.47884366
88	89	7	8	3.913191822	36.54936442
88	89	8	9	3.915911662	36.70226333
88	89	9	10	3.91425585	36.90879963
88	89	10	11	3.912717047	35.89905714
88	89	11	12	3.911182804	36.68304638
88	89	12	13	3.909540673	35.4617952
88	89	13	14	3.908015541	36.44573895
88	89	14	15	3.90649496	37.59665112
88	89	15	16	3.904983451	36.00534397
88	89	16	17	3.899827114	35.76190051
88	89	17	18	3.898307377	35.90644306
88	89	18	19	3.896904563	35.88154671
88	89	19	20	3.895393905	35.79261678
88	89	20	21	3.894000162	36.09611165
88	89	21	22	3.892610951	36.07947628
88	89	22	23	3.891230783	35.99881525
88	89	23	24	3.889963006	36.32590523
88	89	24	25	3.888587373	36.11282937
88	89	25	26	3.887333151	36.21571572
88	89	26	27	3.886083447	36.08307595
88	89	27	28	3.884838257	36.53244173
88	89	28	29	3.883705448	36.22537144
88	89	29	30	3.882469281	36.15445559
88	89	30	31	3.881354509	36.05557888
88	89	31	32	3.880239734	35.92293239
88	89	32	33	3.88091002	36.25309482
88	89	33	34	3.879799488	36.36422256
88	89	34	35	3.878805866	36.48264428
88	89	35	36	3.877816746	36.25849459
88	89	36	37	3.876832126	35.87818625
88	89	37	38	3.875856511	35.86104325
88	89	38	39	3.874880887	36.19099166
88	89	39	40	3.874026672	35.97490438
88	89	40	41	3.870259252	36.56889797
88	89	41	42	3.869396326	36.44307757
88	89	42	43	3.868537892	36.11614612
88	89	43	44	3.867796316	35.57412475
88	89	44	45	3.867059231	36.53637777
88	89	45	46	3.866326634	36.41169238
88	89	46	47	3.865706397	35.9683519
88	89	47	48	3.864982777	36.1219876
88	89	48	49	3.864376014	36.2979356
88	89	49	50	3.863773737	36.16704776
88	89	50	51	3.863288321	35.86591965
88	89	51	52	3.862690519	35.58251925
88	89	52	53	3.862214075	35.75935856
88	89	53	54	3.861849998	36.74721467
88	89	54	55	3.861382526	36.45527924
88	89	55	56	3.861027424	36.97585768
88	89	56	57	3.862174223	37.09171481
88	89	57	58	3.861823549	37.29958087
88	89	58	59	3.861481859	36.85801687
88	89	59	60	3.86125257	37.39490495
88	89	60	61	3.861027771	37.48506432
88	89	61	62	3.860807462	37.61068775
88	89	62	63	3.860704058	38.16024803
88	89	63	64	3.860605148	37.73996841
88	89	64	65	3.85748533	37.45373061
88	89	65	66	3.857372922	37.28771473
88	89	66	67	3.857372887	37.42761061
88	89	67	68	3.857269461	37.2226577
88	89	68	69	3.857278412	37.09101481
88	89	69	70	3.85740424	37.16346118
88	89	70	71	3.857417687	37.23406884
88	89	71	72	3.857552509	37.39204868
88	89	72	73	3.857687336	37.48639729
88	89	73	74	3.857822167	37.60069719
88	89	74	75	3.857961499	36.80768689
88	89	75	76	3.858217724	36.8776548
88	89	76	77	3.858478454	36.6818422
88	89	77	78	3.858739194	36.51462034
88	89	78	79	3.85900444	37.18589026
88	89	79	80	3.8593821	36.74128742
88	89	80	81	3.862984947	36.65338027
88	89	81	82	3.863358363	36.38854798
88	89	82	83	3.863736294	36.64586012
88	89	83	84	3.86411424	36.80374199
88	89	84	85	3.864613667	36.22688669
88	89	85	86	3.864996148	36.3534751
88	89	86	87	3.865495615	36.76528314
88	89	87	88	3.865999605	37.1795489
88	89	88	89	3.863510312	36.49047999
88	89	89	90	3.863996075	36.49743969
88	89	90	91	3.864594289	36.34312672
88	89	91	92	3.865192526	36.08094056
88	89	92	93	3.865795287	35.92952572
88	89	93	94	3.866398072	36.63119762
88	89	94	95	3.867000882	36.30268074
88	89	95	96	3.86772066	36.08070254
88	89	96	97	3.868328024	35.85660863
88	89	97	98	3.86904786	36.4497554
88	89	98	99	3.86977223	36.38278844
88	89	99	100	3.87049663	36.06718198
88	89	100	101	3.871221062	35.97970798
88	89	101	102	3.87205798	36.12068962
88	89	102	103	3.872786982	35.77131031
88	89	103	104	3.873628477	35.97171968
88	89	104	105	3.880808041	36.10803487
88	89	105	106	3.881627875	36.54443612
88	89	106	107	3.882452256	36.28801839
88	89	107	108	3.883272153	36.06940652
88	89	108	109	3.884209164	36.11040067
88	89	109	110	3.885033644	36.32281027
88	89	110	111	3.885970726	36.03959089
88	89	111	112	3.886912365	36.35096578
88	89	112	113	3.880457944	36.18602938
88	89	113	114	3.881348967	35.84193894
88	89	114	115	3.882244525	35.99630151
88	89	115	116	3.88325258	36.20984874
88	89	116	117	3.884148191	35.81806498
88	89	117	118	3.885156301	35.61702439
88	89	118	119	3.88616444	35.60903409
88	89	119	120	3.887172608	36.22614288
88	89	120	121	3.888180804	35.9616093
88	89	121	122	3.889193546	36.3870033
88	89	122	123	3.890201801	36.53106454
88	89	123	124	3.891322567	36.31314995
88	89	124	125	3.892443366	36.64462408
88	89	125	126	3.893568716	36.39955152
88	89	126	127	3.894689579	36.58187009
88	89	127	128	3.895814995	36.77314984
88	89	128	129	3.905691045	36.60720335
88	89	129	130	3.906781689	37.35479213
88	89	130	131	3.907980444	37.32745974
88	89	131	132	3.909183756	37.19090767
88	89	132	133	3.910274467	37.60521852
88	89	133	134	3.911477827	37.49288316
88	89	134	135	3.912793839	37.9754416
88	89	135	136	3.914001785	37.32154729
88	89	136	137	3.906058147	37.84853866
88	89	137	138	3.907327286	36.58026417
88	89	138	139	3.908591907	37.10711537
88	89	139	140	3.909861066	36.77955131
88	89	140	141	3.911125706	37.27703853
88	89	141	142	3.912394885	37.0260051
88	89	142	143	3.913664075	36.89371663
88	89	143	144	3.915045774	37.4594102
88	89	144	145	3.916314986	36.99465833
88	89	145	146	3.917696707	36.96342677
88	89	146	147	3.919078439	36.27536369
88	89	147	148	3.920460183	36.42206857
88	89	148	149	3.921841939	36.83002012
88	89	149	150	3.923340745	36.8962457
88	89	150	151	3.924727063	37.19310108
88	89	151	152	3.926108855	36.49629783
88	89	152	153	3.935461597	36.01193229
88	89	153	154	3.936925629	36.23483558
88	89	154	155	3.938394214	36.4285301
88	89	155	156	3.939858248	36.41638591
88	89	156	157	3.941326835	36.01130472
88	89	157	158	3.942799977	35.55476602
88	89	158	159	3.944268569	35.84488407
88	89	159	160	3.945854336	36.09526619
88	89	160	161	3.939625085	35.91837358
88	89	161	162	3.941172868	35.55545228
88	89	162	163	3.942608136	35.99704944
88	89	163	164	3.944155897	36.51897428
88	89	164	165	3.945703647	36.10074864
88	89	165	166	3.947143436	36.08720118
88	89	166	167	3.948695718	35.87407391
88	89	167	168	3.950247991	35.73761178
88	89	168	169	3.95180481	35.35998629
88	89	169	170	3.953357066	35.48558781
88	89	170	171	3.954913869	35.79402756
88	89	171	172	3.956475223	35.46346026
88	89	172	173	3.958032012	35.98836859
88	89	173	174	3.959480852	35.7719165
88	89	174	175	3.961046748	35.76816398
88	89	175	176	3.962608079	35.91625439
88	89	176	177	3.968569753	35.16325489
88	89	177	178	3.970118255	35.70795671
88	89	178	179	3.971666746	35.44020275
88	89	179	180	3.973102663	35.72108215
87	88	-180	-179	3.992122054	35.71997823
87	88	-179	-178	3.995214487	35.59226799
87	88	-178	-177	3.998203473	36.11875321
87	88	-177	-176	4.001192419	35.32921573
87	88	-176	-175	3.998639738	35.78740002
87	88	-175	-174	4.001599037	35.74240832
87	88	-174	-173	4.00444579	35.84388865
87	88	-173	-172	4.007189173	35.6591426
87	88	-172	-171	4.009932506	35.68603858
87	88	-171	-170	4.012684972	35.95908044
87	88	-170	-169	4.015437394	35.84153149
87	88	-169	-168	4.018086479	35.67839613
87	88	-168	-167	4.020623046	35.69731821
87	88	-167	-166	4.023164176	35.35894488
87	88	-166	-165	4.025714472	36.07863105
87	88	-165	-164	4.028152263	35.73997862
87	88	-164	-163	4.030482151	35.19723262
87	88	-163	-162	4.032821224	36.07321597
87	88	-162	-161	4.035047804	35.90630939
87	88	-161	-160	4.04056153	35.88075546
87	88	-160	-159	4.042658082	36.36308628
87	88	-159	-158	4.044759223	36.72288899
87	88	-158	-157	4.04675243	36.36270208
87	88	-157	-156	4.048637706	36.49997916
87	88	-156	-155	4.050415058	36.77591218
87	88	-155	-154	4.052201629	37.20839073
87	88	-154	-153	4.053880285	37.01244268
87	88	-153	-152	4.055446412	37.35196705
87	88	-152	-151	4.052032656	36.79631994
87	88	-151	-150	4.053457645	36.79229491
87	88	-150	-149	4.054891849	36.35200971
87	88	-149	-148	4.056218205	37.03664249
87	88	-148	-147	4.057436717	36.95428006
87	88	-147	-146	4.058547387	36.71783416
87	88	-146	-145	4.059658054	37.16754646
87	88	-145	-144	4.0606655	36.59774486
87	88	-144	-143	4.061677563	36.87271731
87	88	-143	-142	4.062586411	36.83108232
87	88	-142	-141	4.06338281	36.43535999
87	88	-141	-140	4.06418383	36.01421775
87	88	-140	-139	4.064877021	35.33642849
87	88	-139	-138	4.065467003	36.04496196
87	88	-138	-137	4.06606161	34.76665087
87	88	-137	-136	4.069923138	35.37426769
87	88	-136	-135	4.070387023	35.63921034
87	88	-135	-134	4.070855535	36.01747752
87	88	-134	-133	4.071103669	35.52304673
87	88	-133	-132	4.071468934	35.22486248
87	88	-132	-131	4.071618445	35.34571237
87	88	-131	-130	4.071880463	35.58116795
87	88	-130	-129	4.07203923	35.37511645
87	88	-129	-128	4.07209012	35.27144869
87	88	-128	-127	4.070008803	35.28591043
87	88	-127	-126	4.070050418	35.09603514
87	88	-126	-125	4.070096658	35.23979283
87	88	-125	-124	4.070035045	35.54886216
87	88	-124	-123	4.069973431	35.52231301
87	88	-123	-122	4.069808584	35.01182821
87	88	-122	-121	4.069756215	35.38303496
87	88	-121	-120	4.069595989	34.95445173
87	88	-120	-119	4.069435759	34.77832176
87	88	-119	-118	4.069172291	35.20253201
87	88	-118	-117	4.069021302	34.49698922
87	88	-117	-116	4.068870311	35.03247512
87	88	-116	-115	4.068616077	35.26311795
87	88	-115	-114	4.068474326	35.12517842
87	88	-114	-113	4.068220082	35.17475283
87	88	-113	-112	4.071394683	35.19147856
87	88	-112	-111	4.071121848	34.96697006
87	88	-111	-110	4.070961549	35.19805064
87	88	-110	-109	4.070805874	35.1296387
87	88	-109	-108	4.070542282	35.14395299
87	88	-108	-107	4.070391227	35.17018452
87	88	-107	-106	4.070244797	34.89711171
87	88	-106	-105	4.070210909	35.14824497
87	88	-105	-104	4.070064473	35.25633076
87	88	-104	-103	4.068203394	35.07037574
87	88	-103	-102	4.068160243	35.4749308
87	88	-102	-101	4.068121716	34.9658487
87	88	-101	-100	4.068083188	34.76985749
87	88	-100	-99	4.06816181	34.88743267
87	88	-99	-98	4.068240433	35.12677237
87	88	-98	-97	4.068323683	35.11854882
87	88	-97	-96	4.068406935	34.89082199
87	88	-96	-95	4.068602719	35.06900304
87	88	-95	-94	4.068803133	34.62103207
87	88	-94	-93	4.069003551	34.71176298
87	88	-93	-92	4.069321134	35.3092936
87	88	-92	-91	4.069638724	35.01651684
87	88	-91	-90	4.069956322	34.87678264
87	88	-90	-89	4.070273928	35.58353712
87	88	-89	-88	4.070708707	35.56454875
87	88	-88	-87	4.078446157	35.75994325
87	88	-87	-86	4.078821192	36.1455336
87	88	-86	-85	4.07919623	36.61083439
87	88	-85	-84	4.079683922	36.82200417
87	88	-84	-83	4.080063605	36.30020252
87	88	-83	-82	4.080560581	36.35421395
87	88	-82	-81	4.080940273	36.45611061
87	88	-81	-80	4.081437259	36.21759014
87	88	-80	-79	4.078196195	36.95622264
87	88	-79	-78	4.078669768	35.98942343
87	88	-78	-77	4.079143345	36.55897956
87	88	-77	-76	4.079504323	36.81039309
87	88	-76	-75	4.079865303	35.91691492
87	88	-75	-74	4.080338887	36.07472141
87	88	-74	-73	4.080699871	36.7029467
87	88	-73	-72	4.081060858	36.89812488
87	88	-72	-71	4.081309243	37.04866231
87	88	-71	-70	4.08155763	36.24579152
87	88	-70	-69	4.081806019	36.07121877
87	88	-69	-68	4.082054408	36.11136364
87	88	-68	-67	4.082190195	35.53865671
87	88	-67	-66	4.082325982	35.59166979
87	88	-66	-65	4.082344529	35.44975114
87	88	-65	-64	4.082367712	35.12497902
87	88	-64	-63	4.091125589	35.22487198
87	88	-63	-62	4.090952444	34.72560056
87	88	-62	-61	4.09066657	35.01075202
87	88	-61	-60	4.09026797	35.00252884
87	88	-60	-59	4.089874022	34.86946838
87	88	-59	-58	4.08936735	35.17238558
87	88	-58	-57	4.088747956	35.52894823
87	88	-57	-56	4.088128572	34.62936488
87	88	-56	-55	4.080936554	35.4664812
87	88	-55	-54	4.080050754	34.98000302
87	88	-54	-53	4.079164975	35.47280677
87	88	-53	-52	4.078058595	35.5575827
87	88	-52	-51	4.076947607	35.02813084
87	88	-51	-50	4.07572402	35.19006614
87	88	-50	-49	4.074387837	35.37505913
87	88	-49	-48	4.07305632	35.11044822
87	88	-48	-47	4.071494959	34.91238914
87	88	-47	-46	4.069938266	35.38405625
87	88	-46	-45	4.06826899	34.98407546
87	88	-45	-44	4.066599754	35.48272055
87	88	-44	-43	4.064705323	35.36837424
87	88	-43	-42	4.062810937	35.34876527
87	88	-42	-41	4.060803982	35.10552787
87	88	-41	-40	4.058684461	35.35620077
87	88	-40	-39	4.063631486	35.07357188
87	88	-39	-38	4.06133251	34.7562729
87	88	-38	-37	4.058925542	34.92771579
87	88	-37	-36	4.056401334	35.1996804
87	88	-36	-35	4.053881852	34.7975426
87	88	-35	-34	4.051254386	35.27233868
87	88	-34	-33	4.0486224	35.44496813
87	88	-33	-32	4.045769735	35.38999664
87	88	-32	-31	4.034778843	35.09862189
87	88	-31	-30	4.031766348	35.40657768
87	88	-30	-29	4.028866581	35.50600531
87	88	-29	-28	4.025741822	35.5909487
87	88	-28	-27	4.022729789	35.31840961
87	88	-27	-26	4.019605347	35.12653715
87	88	-26	-25	4.016373098	35.14464761
87	88	-25	-24	4.013136417	35.64864472
87	88	-24	-23	4.009904494	35.9258398
87	88	-23	-22	4.006560178	35.40232165
87	88	-22	-21	4.00321603	35.31044935
87	88	-21	-20	3.999876634	35.837059
87	88	-20	-19	3.9965374	35.98313193
87	88	-19	-18	3.993085788	35.95144073
87	88	-18	-17	3.989638922	35.39535772
87	88	-17	-16	3.98619222	36.45257615
87	88	-16	-15	3.987648029	36.53678116
87	88	-15	-14	3.984158141	36.53888174
87	88	-14	-13	3.980673032	36.73784557
87	88	-13	-12	3.9770801	36.99598063
87	88	-12	-11	3.973599962	37.28391999
87	88	-11	-10	3.970016566	37.41900067
87	88	-10	-9	3.966433363	37.90713471
87	88	-9	-8	3.962972064	37.62383743
87	88	-8	-7	3.952442329	37.83030289
87	88	-7	-6	3.948943733	37.65396433
87	88	-6	-5	3.945332881	37.6489875
87	88	-5	-4	3.941843815	37.62193611
87	88	-4	-3	3.938247037	37.46525083
87	88	-3	-2	3.934762929	37.58409115
87	88	-2	-1	3.931288107	38.00361859
87	88	-1	0	3.927818017	37.81169525
87	88	0	1	3.924352652	36.90359571
87	88	1	2	3.920896542	37.3519395
87	88	2	3	3.917440608	36.76686799
87	88	3	4	3.913993911	36.91329434
87	88	4	5	3.910668878	36.56858281
87	88	5	6	3.907344	36.48402362
87	88	6	7	3.904028323	36.47962329
87	88	7	8	3.900717313	36.57483707
87	88	8	9	3.901738723	36.96270326
87	88	9	10	3.898403406	36.27700837
87	88	10	11	3.895185263	36.63549136
87	88	11	12	3.891863822	36.0165731
87	88	12	13	3.88866405	36.88963211
87	88	13	14	3.885581412	36.28177763
87	88	14	15	3.882390934	36.68245823
87	88	15	16	3.879326596	36.15947349
87	88	16	17	3.872427436	36.52184445
87	88	17	18	3.869346887	36.33950324
87	88	18	19	3.866383383	35.82580011
87	88	19	20	3.863316581	35.90536798
87	88	20	21	3.860371302	36.04234983
87	88	21	22	3.857430624	36.24048535
87	88	22	23	3.854499033	37.12997181
87	88	23	24	3.851684434	36.83145177
87	88	24	25	3.848874413	36.62695411
87	88	25	26	3.84607345	36.23638023
87	88	26	27	3.843389454	36.44546916
87	88	27	28	3.840714497	36.58443423
87	88	28	29	3.838048569	36.56357054
87	88	29	30	3.835499579	36.86503973
87	88	30	31	3.832959601	36.69878615
87	88	31	32	3.830424146	36.40193772
87	88	32	33	3.829765487	36.46411175
87	88	33	34	3.827346407	36.64639222
87	88	34	35	3.82493184	36.27263879
87	88	35	36	3.822638678	36.79245162
87	88	36	37	3.820466909	36.28549528
87	88	37	38	3.818299633	36.47157652
87	88	38	39	3.816145787	36.47183989
87	88	39	40	3.81410884	36.77363524
87	88	40	41	3.80933895	36.38442633
87	88	41	42	3.80740624	36.33617092
87	88	42	43	3.805594842	36.39210298
87	88	43	44	3.803787913	36.76413644
87	88	44	45	3.802106745	36.46633964
87	88	45	46	3.800430035	36.25441117
87	88	46	47	3.798874615	36.62488842
87	88	47	48	3.797436021	36.40891868
87	88	48	49	3.796010791	36.62069254
87	88	49	50	3.79470238	36.94293974
87	88	50	51	3.793402867	36.71237251
87	88	51	52	3.792224626	36.58034949
87	88	52	53	3.791163201	36.59534822
87	88	53	54	3.790227501	37.18910913
87	88	54	55	3.789296236	36.47871053
87	88	55	56	3.788481787	37.17634438
87	88	56	57	3.789249379	37.64832495
87	88	57	58	3.788556068	36.82258528
87	88	58	59	3.787984056	38.0231956
87	88	59	60	3.787533347	38.12116672
87	88	60	61	3.787203944	38.91891032
87	88	61	62	3.786883437	38.77110313
87	88	62	63	3.786679789	38.94944994
87	88	63	64	3.786480588	38.2386183
87	88	64	65	3.783451315	37.90218742
87	88	65	66	3.783463533	38.07121305
87	88	66	67	3.783592582	38.15495016
87	88	67	68	3.783730536	38.24892535
87	88	68	69	3.783989782	38.40362147
87	88	69	70	3.784253488	37.7105169
87	88	70	71	3.784746434	38.06995587
87	88	71	72	3.785135913	38.04879825
87	88	72	73	3.785637802	37.02157724
87	88	73	74	3.786265468	37.78413492
87	88	74	75	3.787005564	36.97966935
87	88	75	76	3.787642198	37.55418089
87	88	76	77	3.78850813	36.79589
87	88	77	78	3.789266151	36.98011628
87	88	78	79	3.790253491	36.84723582
87	88	79	80	3.79113738	37.06560479
87	88	80	81	3.79529479	36.7453344
87	88	81	82	3.796395255	36.22121588
87	88	82	83	3.797500242	36.77680548
87	88	83	84	3.798609751	36.5059509
87	88	84	85	3.79972825	36.16947978
87	88	85	86	3.800959294	36.94590571
87	88	86	87	3.802199341	36.45152229
87	88	87	88	3.803439462	36.65680657
87	88	88	89	3.801729025	36.29358723
87	88	89	90	3.802946382	36.74542395
87	88	90	91	3.804280721	36.04459563
87	88	91	92	3.805615134	35.96988387
87	88	92	93	3.80695409	36.71526641
87	88	93	94	3.808297589	36.57834448
87	88	94	95	3.809753631	35.76903216
87	88	95	96	3.81110176	36.70622296
87	88	96	97	3.81256244	36.48468825
87	88	97	98	3.813915204	36.40831723
87	88	98	99	3.815380527	36.64201359
87	88	99	100	3.81684594	36.09670286
87	88	100	101	3.818198957	36.22778304
87	88	101	102	3.819669019	36.22132258
87	88	102	103	3.821139173	36.3420942
87	88	103	104	3.822496922	35.87344879
87	88	104	105	3.830220223	36.50041296
87	88	105	106	3.831651674	35.69061923
87	88	106	107	3.832975089	36.28507631
87	88	107	108	3.834406684	35.90752158
87	88	108	109	3.835842843	36.26841464
87	88	109	110	3.837279076	36.39334187
87	88	110	111	3.838598284	36.27600099
87	88	111	112	3.840034664	36.46004969
87	88	112	113	3.841471119	36.08012676
87	88	113	114	3.835525537	35.93942358
87	88	114	115	3.836888756	35.69123595
87	88	115	116	3.838252021	36.11030232
87	88	116	117	3.839615331	35.96930503
87	88	117	118	3.840974198	36.41572433
87	88	118	119	3.842333107	35.96024998
87	88	119	120	3.843692061	35.66018081
87	88	120	121	3.845163578	36.04447997
87	88	121	122	3.846635144	36.35823375
87	88	122	123	3.847989737	36.65788426
87	88	123	124	3.849456899	36.37160053
87	88	124	125	3.850924106	36.14953175
87	88	125	126	3.852503889	36.49468523
87	88	126	127	3.85396669	36.2721104
87	88	127	128	3.855546567	36.44031294
87	88	128	129	3.865753526	36.71045516
87	88	129	130	3.867272279	37.51214994
87	88	130	131	3.868903718	37.22583737
87	88	131	132	3.87053518	37.6290487
87	88	132	133	3.872166666	37.60456443
87	88	133	134	3.873910843	37.71396805
87	88	134	135	3.87565956	37.55217987
87	88	135	136	3.877408305	37.9366836
87	88	136	137	3.879269746	37.54946632
87	88	137	138	3.872017175	37.88327239
87	88	138	139	3.873799704	37.9332026
87	88	139	140	3.87569927	37.32906703
87	88	140	141	3.877711364	38.09036396
87	88	141	142	3.879610916	37.32382732
87	88	142	143	3.881622995	37.47859836
87	88	143	144	3.883752118	38.03783551
87	88	144	145	3.885876718	37.33660453
87	88	145	146	3.888118363	36.8327137
87	88	146	147	3.890360003	37.04971499
87	88	147	148	3.892606158	36.835143
87	88	148	149	3.894964844	36.86973287
87	88	149	150	3.897323528	36.62904032
87	88	150	151	3.899794742	36.72150579
87	88	151	152	3.90227048	36.21444533
87	88	152	153	3.912596161	36.28138179
87	88	153	154	3.915128055	36.92203598
87	88	154	155	3.91766445	36.26397774
87	88	155	156	3.920317996	37.05594257
87	88	156	157	3.922971508	36.63760669
87	88	157	158	3.925737628	36.30273561
87	88	158	159	3.928508259	36.40676435
87	88	159	160	3.931283405	36.38968262
87	88	160	161	3.934175714	35.76617289
87	88	161	162	3.929397043	36.38689533
87	88	162	163	3.932344431	35.80783612
87	88	163	164	3.935179223	36.59779096
87	88	164	165	3.938126472	36.10279772
87	88	165	166	3.94108275	36.51622887
87	88	166	167	3.944151487	36.11109037
87	88	167	168	3.947107637	35.97080396
87	88	168	169	3.950185352	36.49083074
87	88	169	170	3.953263009	36.03232895
87	88	170	171	3.956340608	36.06320807
87	88	171	172	3.959427268	35.6943276
87	88	172	173	3.962513877	36.24071093
87	88	173	174	3.965604997	35.76356232
87	88	174	175	3.968700636	35.93021631
87	88	175	176	3.971913311	35.67712145
87	88	176	177	3.979361004	36.03250953
87	88	177	178	3.982435351	35.54428441
87	88	178	179	3.985514215	35.7504766
87	88	179	180	3.988480446	35.80848585
86	87	-180	-179	3.952659961	36.21091955
86	87	-179	-178	3.95580937	35.98858757
86	87	-178	-177	3.956609304	36.1325207
86	87	-177	-176	3.959556318	35.92307393
86	87	-176	-175	3.968251119	36.32558671
86	87	-175	-174	3.971216196	35.69316994
86	87	-174	-173	3.968863776	35.98922192
86	87	-173	-172	3.965943168	35.87887567
86	87	-172	-171	3.968653901	35.92096796
86	87	-171	-170	3.959679778	36.13940066
86	87	-170	-169	3.962179321	35.94053632
86	87	-169	-168	3.964575488	35.59826052
86	87	-168	-167	3.96686373	35.77086617
86	87	-167	-166	3.96915649	35.76159637
86	87	-166	-165	3.995632107	35.72440071
86	87	-165	-164	3.997718021	35.40390758
86	87	-164	-163	3.999579038	36.14891836
86	87	-163	-162	4.03210749	36.16804664
86	87	-162	-161	4.033721062	35.86676457
86	87	-161	-160	4.026336305	36.1562854
86	87	-160	-159	4.027734144	35.8373857
86	87	-159	-158	4.029136559	36.83452244
86	87	-158	-157	4.03538463	37.06253738
86	87	-157	-156	4.036350876	36.96451287
86	87	-156	-155	4.047219509	36.45301897
86	87	-155	-154	4.048082422	37.05705384
86	87	-154	-153	4.048954549	37.26310589
86	87	-153	-152	4.058941648	36.78747918
86	87	-152	-151	4.059490164	37.35112433
86	87	-151	-150	4.04733842	37.33673049
86	87	-150	-149	4.043122453	37.93564533
86	87	-149	-148	4.043413614	37.3814512
86	87	-148	-147	4.057206952	37.14593181
86	87	-147	-146	4.05751648	37.68099877
86	87	-146	-145	4.076044418	37.0291392
86	87	-145	-144	4.076372375	36.81608258
86	87	-144	-143	4.076484778	36.45836486
86	87	-143	-142	4.06716463	36.36906535
86	87	-142	-141	4.067187726	36.41411499
86	87	-141	-140	4.085316972	35.80675147
86	87	-140	-139	4.085363272	35.96633705
86	87	-139	-138	4.088539551	36.31237078
86	87	-138	-137	4.117134718	35.72437924
86	87	-137	-136	4.116956322	35.71149394
86	87	-136	-135	4.130169152	35.47552043
86	87	-135	-134	4.130018783	35.36698429
86	87	-134	-133	4.129877729	35.13734234
86	87	-133	-132	4.125927115	35.45996537
86	87	-132	-131	4.125584379	34.8456495
86	87	-131	-130	4.14594826	34.9405799
86	87	-130	-129	4.145746259	34.85371323
86	87	-129	-128	4.145441123	35.13454257
86	87	-128	-127	4.149526827	35.48198239
86	87	-127	-126	4.149245102	35.50370001
86	87	-126	-125	4.15467666	35.41372756
86	87	-125	-124	4.154268645	35.32557747
86	87	-124	-123	4.153982405	34.08895228
86	87	-123	-122	4.159323263	35.07759579
86	87	-122	-121	4.158934016	34.90514691
86	87	-121	-120	4.139207381	34.94617272
86	87	-120	-119	4.138939459	34.5549947
86	87	-119	-118	4.13856373	34.7294026
86	87	-118	-117	4.128408473	34.71169491
86	87	-117	-116	4.128149597	35.05764209
86	87	-116	-115	4.128570172	34.93641821
86	87	-115	-114	4.131667317	34.91168686
86	87	-114	-113	4.13160546	34.9521707
86	87	-113	-112	4.12614724	34.97016494
86	87	-112	-111	4.126089925	34.47335943
86	87	-111	-110	4.110733706	34.84253723
86	87	-110	-109	4.110793238	35.03773608
86	87	-109	-108	4.110965303	35.29976578
86	87	-108	-107	4.107428415	34.88895107
86	87	-107	-106	4.107609712	34.93810453
86	87	-106	-105	4.120732989	35.31141929
86	87	-105	-104	4.121139685	35.0301062
86	87	-104	-103	4.121668259	34.97178686
86	87	-103	-102	4.14785757	34.86186681
86	87	-102	-101	4.146794288	33.61778333
86	87	-101	-100	4.138757392	34.38944697
86	87	-100	-99	4.139609909	34.6646991
86	87	-99	-98	4.140584331	35.14531656
86	87	-98	-97	4.136386895	34.90779701
86	87	-97	-96	4.137483157	34.62120815
86	87	-96	-95	4.133294767	34.65365401
86	87	-95	-94	4.134742631	34.26376367
86	87	-94	-93	4.136303118	34.85065526
86	87	-93	-92	4.136977298	34.61881446
86	87	-92	-91	4.138777039	35.00476516
86	87	-91	-90	4.138897887	34.51144756
86	87	-90	-89	4.148340346	34.8203835
86	87	-89	-88	4.150194102	34.81207854
86	87	-88	-87	4.15824946	35.00440348
86	87	-87	-86	4.160234916	34.63759853
86	87	-86	-85	4.136305183	35.74654538
86	87	-85	-84	4.138524923	36.03676771
86	87	-84	-83	4.140862126	35.64876311
86	87	-83	-82	4.141626552	35.52565151
86	87	-82	-81	4.143977981	36.25334164
86	87	-81	-80	4.169881664	35.8515821
86	87	-80	-79	4.172346667	37.0069627
86	87	-79	-78	4.174933889	36.01388005
86	87	-78	-77	4.156704185	36.74544999
86	87	-77	-76	4.159247746	36.36443426
86	87	-76	-75	4.160777561	36.12147305
86	87	-75	-74	4.16332133	35.63044026
86	87	-74	-73	4.165860525	36.18460858
86	87	-73	-72	4.155561413	36.06169909
86	87	-72	-71	4.158100551	35.72496149
86	87	-71	-70	4.150270051	35.66037725
86	87	-70	-69	4.152691835	35.25345574
86	87	-69	-68	4.154996372	35.36987553
86	87	-68	-67	4.128682611	35.91140065
86	87	-67	-66	4.130977408	35.48854365
86	87	-66	-65	4.134183256	35.23154576
86	87	-65	-64	4.136034876	35.31879698
86	87	-64	-63	4.137778391	35.06398288
86	87	-63	-62	4.157453307	34.97237068
86	87	-62	-61	4.158966681	34.29639079
86	87	-61	-60	4.160935992	34.89529076
86	87	-60	-59	4.162110984	34.54938562
86	87	-59	-58	4.163060374	34.49497666
86	87	-58	-57	4.160512701	34.79124989
86	87	-57	-56	4.161353975	34.92149022
86	87	-56	-55	4.172686617	34.93617046
86	87	-55	-54	4.173076737	34.54488596
86	87	-54	-53	4.166743016	34.59138493
86	87	-53	-52	4.175520871	35.01318554
86	87	-52	-51	4.175281347	34.86772796
86	87	-51	-50	4.159153465	34.79898385
86	87	-50	-49	4.158693225	34.81583393
86	87	-49	-48	4.158007553	34.4845859
86	87	-48	-47	4.132416251	34.38810618
86	87	-47	-46	4.131401804	35.05082306
86	87	-46	-45	4.124972304	35.14888704
86	87	-45	-44	4.123506993	34.47883915
86	87	-44	-43	4.121933629	35.38168372
86	87	-43	-42	4.116077039	34.99849267
86	87	-42	-41	4.121309734	35.44955588
86	87	-41	-40	4.105769169	35.13983085
86	87	-40	-39	4.103320735	34.90797837
86	87	-39	-38	4.100759531	35.13085924
86	87	-38	-37	4.095152294	35.05625024
86	87	-37	-36	4.092370243	35.42161366
86	87	-36	-35	4.094660303	34.80855901
86	87	-35	-34	4.09164803	35.56489461
86	87	-34	-33	4.088523006	35.21248221
86	87	-33	-32	4.071070881	34.86534597
86	87	-32	-31	4.067603058	35.03414536
86	87	-31	-30	4.052849693	35.65407605
86	87	-30	-29	4.040644374	35.39483572
86	87	-29	-28	4.03675043	35.17823578
86	87	-28	-27	4.01031117	35.70827533
86	87	-27	-26	4.006296225	35.71463678
86	87	-26	-25	4.015788792	35.88665726
86	87	-25	-24	4.01153018	35.1954083
86	87	-24	-23	4.007154527	35.72473262
86	87	-23	-22	3.990601923	35.49465524
86	87	-22	-21	3.986096078	35.52145056
86	87	-21	-20	3.976520792	35.5018144
86	87	-20	-19	3.971776588	35.79099078
86	87	-19	-18	3.967145331	35.70962611
86	87	-18	-17	3.991227161	36.02629591
86	87	-17	-16	3.986401898	36.02111583
86	87	-16	-15	3.981121592	36.22538878
86	87	-15	-14	3.976179855	35.83145856
86	87	-14	-13	3.971125825	36.39149987
86	87	-13	-12	3.992218663	36.88027679
86	87	-12	-11	3.987159802	37.2715712
86	87	-11	-10	3.959905871	37.62406359
86	87	-10	-9	3.954853364	37.26959482
86	87	-9	-8	3.949801277	37.32964741
86	87	-8	-7	3.959627498	37.62334968
86	87	-7	-6	3.954472085	38.19118988
86	87	-6	-5	3.933912238	38.45557282
86	87	-5	-4	3.928591417	38.07248217
86	87	-4	-3	3.923388201	38.47731378
86	87	-3	-2	3.935855439	38.02028216
86	87	-2	-1	3.930553462	38.20211335
86	87	-1	0	3.938081212	37.48999064
86	87	0	1	3.932793252	37.60037519
86	87	1	2	3.927618284	36.84324227
86	87	2	3	3.931346668	36.90277316
86	87	3	4	3.926077853	36.5861743
86	87	4	5	3.922281222	37.00601695
86	87	5	6	3.916918844	36.85754959
86	87	6	7	3.915882715	37.3764843
86	87	7	8	3.919369726	36.60971232
86	87	8	9	3.913860699	36.35372386
86	87	9	10	3.921980408	36.47328143
86	87	10	11	3.916489882	36.72351887
86	87	11	12	3.910896325	36.71198284
86	87	12	13	3.887193026	37.40088716
86	87	13	14	3.881614617	36.72870767
86	87	14	15	3.877396056	36.22225685
86	87	15	16	3.87206153	36.84209759
86	87	16	17	3.866736394	36.61695371
86	87	17	18	3.877277186	37.43565214
86	87	18	19	3.868068476	36.74657408
86	87	19	20	3.886677664	36.18570118
86	87	20	21	3.881454342	36.27571713
86	87	21	22	3.876118948	36.81487681
86	87	22	23	3.866740406	36.34247454
86	87	23	24	3.861531866	36.47619473
86	87	24	25	3.891516717	36.41760659
86	87	25	26	3.886429143	36.71234722
86	87	26	27	3.881458848	36.28802739
86	87	27	28	3.867611668	35.75750579
86	87	28	29	3.862538883	36.36710779
86	87	29	30	3.858149927	35.89644622
86	87	30	31	3.854987704	36.48843305
86	87	31	32	3.849914584	36.01853828
86	87	32	33	3.834614596	36.48902147
86	87	33	34	3.829785216	36.95583117
86	87	34	35	3.822716479	36.78938285
86	87	35	36	3.818247361	36.41882484
86	87	36	37	3.813787417	36.53384089
86	87	37	38	3.835418344	36.65146799
86	87	38	39	3.831205424	36.70944864
86	87	39	40	3.796882973	36.71748631
86	87	40	41	3.792922644	36.6974124
86	87	41	42	3.789088237	37.08312674
86	87	42	43	3.758061661	36.99236667
86	87	43	44	3.754341763	36.67164293
86	87	44	45	3.763669629	36.67089428
86	87	45	46	3.760313458	36.67002257
86	87	46	47	3.757083037	36.93021475
86	87	47	48	3.745555674	36.82299967
86	87	48	49	3.742581179	37.30882775
86	87	49	50	3.728725497	37.39996333
86	87	50	51	3.72611914	36.69622029
86	87	51	52	3.7236384	37.01706979
86	87	52	53	3.71533261	37.68188474
86	87	53	54	3.713332173	37.26567901
86	87	54	55	3.728237455	36.99396146
86	87	55	56	3.726587063	37.0738559
86	87	56	57	3.725062284	36.76833879
86	87	57	58	3.707929394	37.11682405
86	87	58	59	3.706660071	37.43840344
86	87	59	60	3.712142703	37.98569273
86	87	60	61	3.711232596	38.41125078
86	87	61	62	3.710560463	38.71663559
86	87	62	63	3.697758856	38.91726626
86	87	63	64	3.697333277	38.76890866
86	87	64	65	3.721085956	38.63788719
86	87	65	66	3.721132449	38.04940258
86	87	66	67	3.718315493	38.76449619
86	87	67	68	3.706883614	39.16730953
86	87	68	69	3.707258066	39.19299695
86	87	69	70	3.707528978	39.50314128
86	87	70	71	3.708258177	38.68053802
86	87	71	72	3.709108588	37.68728958
86	87	72	73	3.729857701	38.06806984
86	87	73	74	3.731063465	37.54894242
86	87	74	75	3.720141304	37.29535655
86	87	75	76	3.721589294	37.09352224
86	87	76	77	3.723046195	37.01696253
86	87	77	78	3.716644851	37.24954399
86	87	78	79	3.721371827	37.14550445
86	87	79	80	3.729580315	36.35485096
86	87	80	81	3.731388822	37.22947192
86	87	81	82	3.733318737	37.17830463
86	87	82	83	3.722667439	38.14635445
86	87	83	84	3.724956657	37.06430905
86	87	84	85	3.709936031	36.88033919
86	87	85	86	3.712242605	37.35889386
86	87	86	87	3.714670648	36.18145784
86	87	87	88	3.72948419	36.76856451
86	87	88	89	3.731930796	37.33590813
86	87	89	90	3.705932712	37.0871933
86	87	90	91	3.705632542	37.00237487
86	87	91	92	3.70817671	36.73204757
86	87	92	93	3.702516527	36.90902019
86	87	93	94	3.705406957	36.98758876
86	87	94	95	3.710888632	36.5835118
86	87	95	96	3.713676002	36.69494312
86	87	96	97	3.71635555	36.83008769
86	87	97	98	3.744009252	36.73212029
86	87	98	99	3.746699192	36.59390376
86	87	99	100	3.740386128	36.55909831
86	87	100	101	3.743076144	36.62436582
86	87	101	102	3.745766396	36.46883343
86	87	102	103	3.755860727	36.2917345
86	87	103	104	3.758604344	36.20566971
86	87	104	105	3.761911152	36.59429195
86	87	105	106	3.764650733	36.46486143
86	87	106	107	3.767390506	36.39943194
86	87	107	108	3.780828518	36.77913498
86	87	108	109	3.783447517	35.54179966
86	87	109	110	3.787413656	36.56708549
86	87	110	111	3.789915969	36.67153557
86	87	111	112	3.792409518	36.19574262
86	87	112	113	3.79726398	36.08572756
86	87	113	114	3.799748985	36.07071323
86	87	114	115	3.814394403	36.64525404
86	87	115	116	3.809593521	36.08870026
86	87	116	117	3.81186132	36.42581797
86	87	117	118	3.811302409	36.02609494
86	87	118	119	3.813552415	36.30401088
86	87	119	120	3.8228879	36.46148875
86	87	120	121	3.825016642	36.05029391
86	87	121	122	3.827136478	36.41764293
86	87	122	123	3.803709281	36.53531155
86	87	123	124	3.805819964	36.86730829
86	87	124	125	3.811307039	35.85646452
86	87	125	126	3.813525928	36.5805488
86	87	126	127	3.824254444	36.28376176
86	87	127	128	3.810837443	36.52752577
86	87	128	129	3.813194607	36.50434503
86	87	129	130	3.810819532	36.3142309
86	87	130	131	3.813176691	37.38880744
86	87	131	132	3.815425652	36.82649575
86	87	132	133	3.815200308	37.70519574
86	87	133	134	3.817679093	37.70078275
86	87	134	135	3.831087067	37.10444674
86	87	135	136	3.833574835	37.64483324
86	87	136	137	3.836287953	37.93502567
86	87	137	138	3.827400303	38.05804692
86	87	138	139	3.8301224	38.16786204
86	87	139	140	3.823827991	38.15991289
86	87	140	141	3.826677842	38.15068337
86	87	141	142	3.829532118	38.32716578
86	87	142	143	3.825859202	37.77198953
86	87	143	144	3.828717915	37.10189809
86	87	144	145	3.836420064	37.52583939
86	87	145	146	3.839508191	36.77165177
86	87	146	147	3.842596267	36.24168844
86	87	147	148	3.859642777	36.26208566
86	87	148	149	3.862739641	36.4998554
86	87	149	150	3.854803965	36.3894936
86	87	150	151	3.865716287	36.29956133
86	87	151	152	3.868960178	36.85500052
86	87	152	153	3.867585845	36.48280701
86	87	153	154	3.870946733	36.43382667
86	87	154	155	3.864170544	37.17036018
86	87	155	156	3.867761147	36.84388032
86	87	156	157	3.871356143	36.71476543
86	87	157	158	3.888128433	36.65436836
86	87	158	159	3.891952762	36.3189164
86	87	159	160	3.889699802	35.9747973
86	87	160	161	3.893528516	36.39695904
86	87	161	162	3.897361643	36.84643403
86	87	162	163	3.891176083	36.45406179
86	87	163	164	3.887585216	36.7408237
86	87	164	165	3.868841211	36.54959144
86	87	165	166	3.872715585	36.67018525
86	87	166	167	3.876594289	36.4824818
86	87	167	168	3.883064771	36.34421433
86	87	168	169	3.886835089	36.63121275
86	87	169	170	3.897701314	35.9937119
86	87	170	171	3.901480199	36.32809723
86	87	171	172	3.905267979	35.63728758
86	87	172	173	3.896916179	37.11878242
86	87	173	174	3.900717476	36.24695483
86	87	174	175	3.930157815	36.17091117
86	87	175	176	3.93381609	36.16494126
86	87	176	177	3.937366213	36.51771191
86	87	177	178	3.945314189	35.6194582
86	87	178	179	3.948661622	36.1897182
86	87	179	180	3.948867149	35.91183577
85	86	-180	-179	3.960048056	35.91008419
85	86	-179	-178	3.975692521	36.13787504
85	86	-178	-177	3.989448137	36.04891458
85	86	-177	-176	3.990290555	35.7665135
85	86	-176	-175	3.978225198	35.9668229
85	86	-175	-174	3.984391655	35.9306919
85	86	-174	-173	3.977308809	35.58333806
85	86	-173	-172	3.987436338	35.89883181
85	86	-172	-171	3.987129262	36.08276361
85	86	-171	-170	3.983981527	35.50575858
85	86	-170	-169	3.995763996	34.9811753
85	86	-169	-168	3.994980334	35.55345274
85	86	-168	-167	3.991622584	35.3963669
85	86	-167	-166	3.990403457	35.99619914
85	86	-166	-165	4.000869453	35.73472875
85	86	-165	-164	4.006202437	36.04690552
85	86	-164	-163	4.021920462	36.29219365
85	86	-163	-162	4.022695332	35.78664554
85	86	-162	-161	4.021003089	35.94581889
85	86	-161	-160	4.011563518	35.42300153
85	86	-160	-159	4.000102006	35.67065663
85	86	-159	-158	3.984938047	35.45557862
85	86	-158	-157	3.997298434	36.30645665
85	86	-157	-156	3.994829469	36.48605564
85	86	-156	-155	4.008654356	36.63238786
85	86	-155	-154	4.005852865	37.29726987
85	86	-154	-153	4.021254522	37.5092883
85	86	-153	-152	4.024645124	37.38042421
85	86	-152	-151	4.022306626	36.96387297
85	86	-151	-150	4.007171455	37.5642024
85	86	-150	-149	4.017320325	36.41794216
85	86	-149	-148	4.005016666	37.25691053
85	86	-148	-147	4.002495036	37.76000041
85	86	-147	-146	3.995491231	37.8706775
85	86	-146	-145	4.007977793	37.924796
85	86	-145	-144	4.00173473	36.38935358
85	86	-144	-143	4.004598615	36.32430673
85	86	-143	-142	4.01410871	35.97842427
85	86	-142	-141	4.012186542	36.37286306
85	86	-141	-140	4.007127535	36.1818696
85	86	-140	-139	4.006449141	36.10575657
85	86	-139	-138	4.000066205	36.2001254
85	86	-138	-137	3.991796942	36.61108147
85	86	-137	-136	3.990634722	35.79361658
85	86	-136	-135	3.999827453	36.13742909
85	86	-135	-134	3.987377113	36.28317723
85	86	-134	-133	3.982810848	36.78623221
85	86	-133	-132	3.987589142	36.37080873
85	86	-132	-131	3.987453207	36.49826333
85	86	-131	-130	3.984985985	36.34783984
85	86	-130	-129	3.989388533	36.58592356
85	86	-129	-128	3.978650201	36.03848797
85	86	-128	-127	3.984554232	36.26718517
85	86	-127	-126	3.985084919	35.6177492
85	86	-126	-125	4.00214325	35.82889284
85	86	-125	-124	4.009779842	35.86998472
85	86	-124	-123	4.000915501	35.94712657
85	86	-123	-122	4.013617993	36.00787888
85	86	-122	-121	4.014622082	36.08071508
85	86	-121	-120	4.029565337	35.76339358
85	86	-120	-119	4.033608046	35.7113411
85	86	-119	-118	4.050351001	34.99329999
85	86	-118	-117	4.055293784	35.71904067
85	86	-117	-116	4.060169634	35.59179093
85	86	-116	-115	4.074627988	35.39845442
85	86	-115	-114	4.086951671	35.30197803
85	86	-114	-113	4.080049009	35.18804066
85	86	-113	-112	4.071899995	35.85236383
85	86	-112	-111	4.074317989	35.11290287
85	86	-111	-110	4.090105504	35.3567645
85	86	-110	-109	4.107013772	34.99146522
85	86	-109	-108	4.118859071	35.07133996
85	86	-108	-107	4.134752893	35.17878528
85	86	-107	-106	4.137600032	35.42113253
85	86	-106	-105	4.134825153	35.03227095
85	86	-105	-104	4.128114414	35.2398926
85	86	-104	-103	4.125114132	34.66296289
85	86	-103	-102	4.125604423	35.01444655
85	86	-102	-101	4.129023345	35.02858144
85	86	-101	-100	4.120413597	34.87458249
85	86	-100	-99	4.120472525	34.05881648
85	86	-99	-98	4.123349713	34.8567847
85	86	-98	-97	4.116539905	35.51012133
85	86	-97	-96	4.120314365	35.33374765
85	86	-96	-95	4.128371879	34.76391205
85	86	-95	-94	4.118224808	34.74134952
85	86	-94	-93	4.113718958	34.53979427
85	86	-93	-92	4.110309703	34.18950126
85	86	-92	-91	4.114623184	35.44829641
85	86	-91	-90	4.115807826	34.90667781
85	86	-90	-89	4.127590028	34.42986345
85	86	-89	-88	4.132302987	34.43831396
85	86	-88	-87	4.110231561	35.09108437
85	86	-87	-86	4.114859533	34.55840842
85	86	-86	-85	4.126488386	35.22796217
85	86	-85	-84	4.1313754	35.52435231
85	86	-84	-83	4.130533207	35.20439287
85	86	-83	-82	4.144233847	35.52381551
85	86	-82	-81	4.14881731	35.23187346
85	86	-81	-80	4.143385716	35.2499218
85	86	-80	-79	4.130978851	35.23266322
85	86	-79	-78	4.146963547	35.90110313
85	86	-78	-77	4.141770293	35.94271102
85	86	-77	-76	4.146603597	36.39453436
85	86	-76	-75	4.162145851	35.73039767
85	86	-75	-74	4.176600086	35.79370587
85	86	-74	-73	4.187229611	36.04412341
85	86	-73	-72	4.205847859	34.63812809
85	86	-72	-71	4.210265702	34.86195674
85	86	-71	-70	4.19901678	33.80357424
85	86	-70	-69	4.185847095	34.89424746
85	86	-69	-68	4.194727045	34.38670246
85	86	-68	-67	4.185789208	34.50730596
85	86	-67	-66	4.189586688	34.10532006
85	86	-66	-65	4.181423719	35.00491865
85	86	-65	-64	4.195133043	34.88777671
85	86	-64	-63	4.183463725	34.42910591
85	86	-63	-62	4.194677982	34.31423152
85	86	-62	-61	4.197545404	34.34665914
85	86	-61	-60	4.216426315	34.56248113
85	86	-60	-59	4.21465981	34.70323236
85	86	-59	-58	4.204545464	34.55011924
85	86	-58	-57	4.194543543	34.45616827
85	86	-57	-56	4.196837752	33.71774353
85	86	-56	-55	4.202290847	34.37446546
85	86	-55	-54	4.20967147	34.32605185
85	86	-54	-53	4.220436954	34.16161718
85	86	-53	-52	4.218802013	34.20262247
85	86	-52	-51	4.220443614	34.29611703
85	86	-51	-50	4.198062159	34.43735301
85	86	-50	-49	4.203675486	34.4652181
85	86	-49	-48	4.192050296	34.85249952
85	86	-48	-47	4.180659685	34.46259766
85	86	-47	-46	4.181110703	34.66969204
85	86	-46	-45	4.168042643	34.77675185
85	86	-45	-44	4.187064435	34.44660712
85	86	-44	-43	4.173438024	34.46545929
85	86	-43	-42	4.168956972	35.02952727
85	86	-42	-41	4.16809646	34.13326662
85	86	-41	-40	4.156411705	35.05783607
85	86	-40	-39	4.165383231	34.93663481
85	86	-39	-38	4.154046233	34.86513288
85	86	-38	-37	4.166521009	34.83873511
85	86	-37	-36	4.164437849	34.86178641
85	86	-36	-35	4.164273184	34.8594859
85	86	-35	-34	4.146954487	35.29930334
85	86	-34	-33	4.157388797	35.59086955
85	86	-33	-32	4.164319983	35.26384891
85	86	-32	-31	4.161766523	35.0940503
85	86	-31	-30	4.156490368	34.6798946
85	86	-30	-29	4.162824494	35.10381699
85	86	-29	-28	4.179978924	34.6456279
85	86	-28	-27	4.195313481	35.0646038
85	86	-27	-26	4.183369891	35.29671234
85	86	-26	-25	4.164600155	34.80505023
85	86	-25	-24	4.15190447	34.47926361
85	86	-24	-23	4.146508414	34.78022532
85	86	-23	-22	4.157997436	34.03624747
85	86	-22	-21	4.153799268	35.11584723
85	86	-21	-20	4.148733247	35.10798853
85	86	-20	-19	4.150271227	34.99933609
85	86	-19	-18	4.149981168	35.23552809
85	86	-18	-17	4.160273073	34.83930529
85	86	-17	-16	4.155096045	35.10674381
85	86	-16	-15	4.149459189	35.02773706
85	86	-15	-14	4.143127739	34.8242601
85	86	-14	-13	4.132503315	35.09096857
85	86	-13	-12	4.140585655	35.07041217
85	86	-12	-11	4.134566048	34.93681532
85	86	-11	-10	4.116819079	35.31371827
85	86	-10	-9	4.11925095	35.25189206
85	86	-9	-8	4.109054206	36.5023555
85	86	-8	-7	4.09672205	36.44385455
85	86	-7	-6	4.0900263	35.86924024
85	86	-6	-5	4.090214753	36.24391107
85	86	-5	-4	4.08297541	36.68589452
85	86	-4	-3	4.061211021	37.15692622
85	86	-3	-2	4.060359814	36.48473656
85	86	-2	-1	4.052953269	35.88336916
85	86	-1	0	4.040267268	35.77443298
85	86	0	1	4.03806759	36.07661833
85	86	1	2	4.034756696	36.22692575
85	86	2	3	4.022790984	35.78715393
85	86	3	4	4.019622438	36.03841802
85	86	4	5	4.006142595	35.6318881
85	86	5	6	3.986716708	35.95003137
85	86	6	7	3.978788542	36.09328319
85	86	7	8	3.976957704	35.92783199
85	86	8	9	3.96905858	36.15405028
85	86	9	10	3.94756102	35.62876265
85	86	10	11	3.933052308	36.02446873
85	86	11	12	3.908989314	36.15522974
85	86	12	13	3.887305579	36.63282272
85	86	13	14	3.879130818	36.38467475
85	86	14	15	3.868265677	36.62187764
85	86	15	16	3.863593996	36.2326225
85	86	16	17	3.857122806	36.795491
85	86	17	18	3.860785745	36.69360786
85	86	18	19	3.852524551	36.04223123
85	86	19	20	3.855175008	36.29748358
85	86	20	21	3.861087021	36.54895974
85	86	21	22	3.866486698	36.6426497
85	86	22	23	3.848514415	36.54607132
85	86	23	24	3.840435593	35.97104448
85	86	24	25	3.820106569	36.92242181
85	86	25	26	3.823714317	36.79537585
85	86	26	27	3.797877397	36.80862167
85	86	27	28	3.784549456	37.31488672
85	86	28	29	3.776322392	37.05597953
85	86	29	30	3.771584825	37.04193055
85	86	30	31	3.753595783	37.22827103
85	86	31	32	3.742800877	37.12233552
85	86	32	33	3.722240174	37.48390212
85	86	33	34	3.714504264	37.26814147
85	86	34	35	3.718238205	37.28207185
85	86	35	36	3.721984957	37.59545882
85	86	36	37	3.720352115	38.38381289
85	86	37	38	3.709529902	37.74095391
85	86	38	39	3.702316568	38.26981623
85	86	39	40	3.711192922	37.35045733
85	86	40	41	3.716496246	37.44619231
85	86	41	42	3.695202084	37.53457739
85	86	42	43	3.683028837	37.73198433
85	86	43	44	3.676390283	36.84889708
85	86	44	45	3.697630319	37.45889624
85	86	45	46	3.697576114	37.06235183
85	86	46	47	3.68312578	37.43618132
85	86	47	48	3.677467288	38.14575046
85	86	48	49	3.671718676	37.76380874
85	86	49	50	3.658255399	37.80687555
85	86	50	51	3.63931831	37.64221107
85	86	51	52	3.622173722	36.95758395
85	86	52	53	3.628978659	37.63353334
85	86	53	54	3.624133668	37.36574719
85	86	54	55	3.630761905	37.63098669
85	86	55	56	3.605415095	37.64010642
85	86	56	57	3.612203402	37.71530688
85	86	57	58	3.605648889	37.82533076
85	86	58	59	3.602484121	38.40496198
85	86	59	60	3.58675754	38.29081522
85	86	60	61	3.584188453	37.54360718
85	86	61	62	3.575569214	37.54165677
85	86	62	63	3.560562591	37.99705633
85	86	63	64	3.558480853	38.45847708
85	86	64	65	3.571117123	38.77804466
85	86	65	66	3.564008437	38.51150861
85	86	66	67	3.56128308	39.2246625
85	86	67	68	3.566992659	38.69716363
85	86	68	69	3.566314507	39.13206318
85	86	69	70	3.556449201	38.7997156
85	86	70	71	3.560006785	38.73645538
85	86	71	72	3.567385936	38.29324819
85	86	72	73	3.550528159	38.27230457
85	86	73	74	3.551192634	38.35323749
85	86	74	75	3.565900344	37.70371906
85	86	75	76	3.572405438	37.73928891
85	86	76	77	3.58149537	37.93564311
85	86	77	78	3.594979717	37.95426997
85	86	78	79	3.596795225	37.07933994
85	86	79	80	3.603795749	37.51160583
85	86	80	81	3.619797172	38.02032367
85	86	81	82	3.638401205	36.7313709
85	86	82	83	3.625453515	38.19344182
85	86	83	84	3.628589066	37.22010598
85	86	84	85	3.645113351	37.4031529
85	86	85	86	3.643340868	37.38622668
85	86	86	87	3.664401735	37.1382293
85	86	87	88	3.673907329	37.19551283
85	86	88	89	3.678032636	36.55893187
85	86	89	90	3.687350392	36.96857971
85	86	90	91	3.691291701	37.00690227
85	86	91	92	3.702665496	37.0701014
85	86	92	93	3.696742294	37.0875873
85	86	93	94	3.698831462	37.33898616
85	86	94	95	3.690752269	37.09135175
85	86	95	96	3.710999	37.16320497
85	86	96	97	3.729571144	37.07326062
85	86	97	98	3.736684737	36.35921848
85	86	98	99	3.742005073	36.71590634
85	86	99	100	3.744815627	36.05099463
85	86	100	101	3.748040729	36.48484082
85	86	101	102	3.748120008	36.37102934
85	86	102	103	3.73649193	36.38999446
85	86	103	104	3.742071468	36.56418746
85	86	104	105	3.730090889	36.81783649
85	86	105	106	3.717766973	37.22568089
85	86	106	107	3.711393777	37.25632889
85	86	107	108	3.702417875	37.43494497
85	86	108	109	3.708061053	37.16594817
85	86	109	110	3.699170241	37.43896969
85	86	110	111	3.721898423	37.41552696
85	86	111	112	3.724009148	37.01279174
85	86	112	113	3.716086965	36.87793809
85	86	113	114	3.721544277	36.34791573
85	86	114	115	3.712572737	37.26017921
85	86	115	116	3.72058904	36.72562013
85	86	116	117	3.73613221	36.66001854
85	86	117	118	3.720527769	36.70149895
85	86	118	119	3.72590341	36.65108609
85	86	119	120	3.718441268	36.24614109
85	86	120	121	3.717828105	37.0514365
85	86	121	122	3.724293512	36.93404257
85	86	122	123	3.734341289	36.8987325
85	86	123	124	3.747974414	36.21893767
85	86	124	125	3.759823578	36.72171813
85	86	125	126	3.779555906	36.56205079
85	86	126	127	3.772596985	36.85095745
85	86	127	128	3.788833072	36.16196724
85	86	128	129	3.793924184	36.89049595
85	86	129	130	3.785951808	36.62695048
85	86	130	131	3.799610427	36.57966957
85	86	131	132	3.809102079	36.58961279
85	86	132	133	3.809255713	36.29770051
85	86	133	134	3.814260558	36.14836319
85	86	134	135	3.824224637	36.98983626
85	86	135	136	3.84298106	36.45950811
85	86	136	137	3.847449451	36.63421533
85	86	137	138	3.854962722	36.48674378
85	86	138	139	3.859899465	36.70187601
85	86	139	140	3.859102202	36.83669566
85	86	140	141	3.854034851	36.83768689
85	86	141	142	3.862400777	36.5905517
85	86	142	143	3.859935258	36.17756876
85	86	143	144	3.864897649	35.36634658
85	86	144	145	3.883478225	36.17422569
85	86	145	146	3.895193032	35.85592285
85	86	146	147	3.896006922	36.14865917
85	86	147	148	3.917593712	36.45042033
85	86	148	149	3.922126784	35.67958794
85	86	149	150	3.914501755	36.06333789
85	86	150	151	3.921173504	35.82097088
85	86	151	152	3.918618947	36.20397579
85	86	152	153	3.91133228	35.81295175
85	86	153	154	3.915302129	36.32071772
85	86	154	155	3.928839251	36.37635466
85	86	155	156	3.926050567	36.25000068
85	86	156	157	3.92753903	35.45083074
85	86	157	158	3.94601787	36.02765317
85	86	158	159	3.949297369	35.84761456
85	86	159	160	3.958879126	35.53055148
85	86	160	161	3.95528857	36.3652303
85	86	161	162	3.948655156	36.07964922
85	86	162	163	3.962953432	36.5584818
85	86	163	164	3.965664793	36.0421999
85	86	164	165	3.980411888	36.17332116
85	86	165	166	3.960356305	35.7599572
85	86	166	167	3.948908401	35.81364256
85	86	167	168	3.934543353	36.10266266
85	86	168	169	3.936815357	36.00920133
85	86	169	170	3.94190172	35.94000246
85	86	170	171	3.927547787	36.25365024
85	86	171	172	3.943935125	36.52221242
85	86	172	173	3.942127714	35.93975787
85	86	173	174	3.944152506	36.58191806
85	86	174	175	3.950800598	36.39649951
85	86	175	176	3.946551498	36.2414005
85	86	176	177	3.951994118	36.25537251
85	86	177	178	3.969924268	36.51363657
85	86	178	179	3.97123808	36.91642346
85	86	179	180	3.971553763	36.53380333
84	85	-180	-179	4.013938112	35.80545913
84	85	-179	-178	4.00648112	36.37896483
84	85	-178	-177	4.002525936	35.81760953
84	85	-177	-176	3.998150876	36.06203206
84	85	-176	-175	3.993700753	35.57975583
84	85	-175	-174	3.991632612	35.84508749
84	85	-174	-173	3.977395959	35.40080122
84	85	-173	-172	3.972250253	36.00282269
84	85	-172	-171	3.968633387	35.79650787
84	85	-171	-170	3.954462795	35.93706316
84	85	-170	-169	3.98442625	35.44676912
84	85	-169	-168	3.979622362	35.36342512
84	85	-168	-167	3.974736633	35.11906358
84	85	-167	-166	3.967657223	35.73920309
84	85	-166	-165	3.960368409	36.01186804
84	85	-165	-164	3.944154882	36.16467939
84	85	-164	-163	3.935768038	36.21362724
84	85	-163	-162	3.926943805	36.12138522
84	85	-162	-161	3.918008358	35.96590096
84	85	-161	-160	3.913909702	36.21332328
84	85	-160	-159	3.924792704	36.35581528
84	85	-159	-158	3.922488255	35.93358407
84	85	-158	-157	3.91324848	36.05786093
84	85	-157	-156	3.90401365	36.73467821
84	85	-156	-155	3.894779256	35.89137531
84	85	-155	-154	3.886998454	36.74223095
84	85	-154	-153	3.876961629	36.07743936
84	85	-153	-152	3.868958387	36.25387519
84	85	-152	-151	3.86009928	37.18497428
84	85	-151	-150	3.851361435	36.70820812
84	85	-150	-149	3.840742522	36.18802506
84	85	-149	-148	3.823880698	36.61837619
84	85	-148	-147	3.81619924	36.18620806
84	85	-147	-146	3.808996154	36.99533582
84	85	-146	-145	3.802150725	36.98242161
84	85	-145	-144	3.792636217	36.55855263
84	85	-144	-143	3.82082654	36.86577191
84	85	-143	-142	3.815336285	36.92074748
84	85	-142	-141	3.810332937	36.5440975
84	85	-141	-140	3.80604422	37.20294093
84	85	-140	-139	3.80391762	37.1500463
84	85	-139	-138	3.781627689	37.13824473
84	85	-138	-137	3.778928172	36.79261135
84	85	-137	-136	3.776835678	37.14869506
84	85	-136	-135	3.775350201	36.85380098
84	85	-135	-134	3.780640034	37.62273925
84	85	-134	-133	3.797925091	37.02863167
84	85	-133	-132	3.798048333	36.84856772
84	85	-132	-131	3.79877033	36.66083438
84	85	-131	-130	3.800207366	36.12293023
84	85	-130	-129	3.794307137	36.56748613
84	85	-129	-128	3.77637359	36.73273352
84	85	-128	-127	3.77937373	36.84841061
84	85	-127	-126	3.782852384	37.28967177
84	85	-126	-125	3.786805254	37.46455734
84	85	-125	-124	3.796706811	37.04825177
84	85	-124	-123	3.818144882	36.31003573
84	85	-123	-122	3.82394795	36.96238453
84	85	-122	-121	3.8299889	36.8420968
84	85	-121	-120	3.835456556	36.67164043
84	85	-120	-119	3.848340025	36.59028292
84	85	-119	-118	3.859714876	36.33573851
84	85	-118	-117	3.866383189	36.6283926
84	85	-117	-116	3.87301595	36.5734926
84	85	-116	-115	3.883918441	36.62785312
84	85	-115	-114	3.898424709	36.3683677
84	85	-114	-113	3.927366526	36.66961594
84	85	-113	-112	3.935252416	36.70829153
84	85	-112	-111	3.943237486	36.23837362
84	85	-111	-110	3.951326242	36.95327121
84	85	-110	-109	3.940817494	36.43864827
84	85	-109	-108	3.972013869	37.21328807
84	85	-108	-107	3.980324915	36.32949494
84	85	-107	-106	3.988744135	36.41025119
84	85	-106	-105	3.997155023	35.54379933
84	85	-105	-104	3.990009825	36.383585
84	85	-104	-103	4.02865013	35.01070729
84	85	-103	-102	4.037185118	35.80131949
84	85	-102	-101	4.045725491	35.23860016
84	85	-101	-100	4.054163887	35.52758804
84	85	-100	-99	4.022980798	35.25495387
84	85	-99	-98	4.031838395	35.18277724
84	85	-98	-97	4.040558945	35.17075081
84	85	-97	-96	4.048411054	35.48946963
84	85	-96	-95	4.056931275	35.41069276
84	85	-95	-94	4.082157753	35.04416819
84	85	-94	-93	4.080011194	35.29129841
84	85	-93	-92	4.087980734	35.05885834
84	85	-92	-91	4.095875915	35.18087145
84	85	-91	-90	4.103584781	35.04386321
84	85	-90	-89	4.093625627	34.80144591
84	85	-89	-88	4.071598668	34.7097958
84	85	-88	-87	4.078965371	34.84600907
84	85	-87	-86	4.086257932	34.60427497
84	85	-86	-85	4.093247626	34.48024505
84	85	-85	-84	4.128628295	36.04254665
84	85	-84	-83	4.148575745	34.69250228
84	85	-83	-82	4.154978413	34.91773131
84	85	-82	-81	4.161298046	34.51137607
84	85	-81	-80	4.171448345	34.61034604
84	85	-80	-79	4.169633958	34.31674068
84	85	-79	-78	4.17220984	34.73517882
84	85	-78	-77	4.17805015	34.81400319
84	85	-77	-76	4.183666987	34.5700336
84	85	-76	-75	4.189177227	34.52678977
84	85	-75	-74	4.198949535	34.19726436
84	85	-74	-73	4.192664561	34.63212481
84	85	-73	-72	4.19491346	34.34781422
84	85	-72	-71	4.199998585	34.33209189
84	85	-71	-70	4.215746443	34.28379823
84	85	-70	-69	4.189655876	34.26959131
84	85	-69	-68	4.197727067	34.47633938
84	85	-68	-67	4.201962733	33.90417438
84	85	-67	-66	4.206077009	34.36824592
84	85	-66	-65	4.210069863	34.13430799
84	85	-65	-64	4.195609312	34.16401347
84	85	-64	-63	4.189749925	34.1034389
84	85	-63	-62	4.200789385	34.28837769
84	85	-62	-61	4.204784675	33.73231941
84	85	-61	-60	4.208775542	34.27218353
84	85	-60	-59	4.209489315	34.5911884
84	85	-59	-58	4.207732198	34.2038405
84	85	-58	-57	4.211479668	34.37840346
84	85	-57	-56	4.215232096	33.94927534
84	85	-56	-55	4.218989489	34.65508189
84	85	-55	-54	4.204294555	34.26520294
84	85	-54	-53	4.189045261	34.7485002
84	85	-53	-52	4.192262894	34.4030536
84	85	-52	-51	4.195490168	34.52241596
84	85	-51	-50	4.198623942	34.64772576
84	85	-50	-49	4.202672617	34.36053007
84	85	-49	-48	4.22310405	34.30981401
84	85	-48	-47	4.225603609	33.87968494
84	85	-47	-46	4.23537692	33.76764804
84	85	-46	-45	4.23755959	34.1660769
84	85	-45	-44	4.236888905	33.86299832
84	85	-44	-43	4.247466571	34.22760379
84	85	-43	-42	4.249057795	34.67822511
84	85	-42	-41	4.250555438	34.4315773
84	85	-41	-40	4.251950033	34.44365348
84	85	-40	-39	4.288365837	34.32287242
84	85	-39	-38	4.283138032	34.42231079
84	85	-38	-37	4.283881636	34.98832787
84	85	-37	-36	4.284404858	34.35239345
84	85	-36	-35	4.284923348	34.32583506
84	85	-35	-34	4.325749249	34.4617597
84	85	-34	-33	4.32254357	34.22070557
84	85	-33	-32	4.322480864	34.20680946
84	85	-32	-31	4.322291221	34.03632255
84	85	-31	-30	4.322087235	33.9624196
84	85	-30	-29	4.337173035	34.48025045
84	85	-29	-28	4.307424498	33.82367527
84	85	-28	-27	4.30658092	33.5660636
84	85	-27	-26	4.303922469	34.39189067
84	85	-26	-25	4.305590842	33.68172251
84	85	-25	-24	4.31644033	33.92410627
84	85	-24	-23	4.327123458	33.89227849
84	85	-23	-22	4.330018883	33.68065299
84	85	-22	-21	4.327591169	33.78834194
84	85	-21	-20	4.32490992	33.75215379
84	85	-20	-19	4.309810755	34.60736912
84	85	-19	-18	4.290812756	34.23593711
84	85	-18	-17	4.287477219	33.93522626
84	85	-17	-16	4.283776144	33.88317613
84	85	-16	-15	4.279709648	34.49883841
84	85	-15	-14	4.286646947	33.93282362
84	85	-14	-13	4.271629225	34.02336411
84	85	-13	-12	4.266153457	34.30085116
84	85	-12	-11	4.260219318	33.76248444
84	85	-11	-10	4.253939375	34.71927682
84	85	-10	-9	4.225503146	34.77777591
84	85	-9	-8	4.212053364	34.62542357
84	85	-8	-7	4.204461143	34.88309606
84	85	-7	-6	4.196420661	34.75972095
84	85	-6	-5	4.188058523	34.98965626
84	85	-5	-4	4.191288793	34.46844076
84	85	-4	-3	4.191718212	34.6110394
84	85	-3	-2	4.182169462	34.56404908
84	85	-2	-1	4.17230395	34.71282569
84	85	-1	0	4.155108264	34.47874341
84	85	0	1	4.129480353	34.97150475
84	85	1	2	4.109642997	34.63147019
84	85	2	3	4.09856085	35.42999505
84	85	3	4	4.087288659	35.57167645
84	85	4	5	4.07581248	35.53026798
84	85	5	6	4.059655788	35.17712576
84	85	6	7	4.061367834	35.55818281
84	85	7	8	4.049072649	35.12316619
84	85	8	9	4.036690171	35.15594396
84	85	9	10	4.020236791	35.13975515
84	85	10	11	3.998622246	35.67087497
84	85	11	12	3.96738032	35.67697174
84	85	12	13	3.954996233	35.6997201
84	85	13	14	3.94262318	35.70440465
84	85	14	15	3.930261113	35.59024138
84	85	15	16	3.930574125	35.98618736
84	85	16	17	3.905107806	36.31126674
84	85	17	18	3.89320434	36.17953754
84	85	18	19	3.881414779	36.1923578
84	85	19	20	3.872231514	35.87026431
84	85	20	21	3.826494977	36.69349943
84	85	21	22	3.803629075	36.83724125
84	85	22	23	3.791630547	37.17974031
84	85	23	24	3.776637568	37.02485826
84	85	24	25	3.764823226	36.5408064
84	85	25	26	3.747191298	37.04602189
84	85	26	27	3.744652678	37.08558007
84	85	27	28	3.730473129	37.61476955
84	85	28	29	3.71856409	37.36245373
84	85	29	30	3.706652959	36.8333395
84	85	30	31	3.695648064	37.58060758
84	85	31	32	3.709823916	37.64586113
84	85	32	33	3.698390836	37.85609078
84	85	33	34	3.6870805	38.30579214
84	85	34	35	3.675794075	37.70385779
84	85	35	36	3.648761272	37.59514268
84	85	36	37	3.612588574	37.8976812
84	85	37	38	3.601608805	38.14540705
84	85	38	39	3.590665285	37.95829513
84	85	39	40	3.579977165	38.27301839
84	85	40	41	3.573134884	38.41348147
84	85	41	42	3.57918885	37.93733423
84	85	42	43	3.568520807	38.34789103
84	85	43	44	3.55800431	38.74517755
84	85	44	45	3.547763813	38.8481921
84	85	45	46	3.523110508	38.66531439
84	85	46	47	3.539508678	38.0655497
84	85	47	48	3.527640534	38.82257013
84	85	48	49	3.517833531	38.11924443
84	85	49	50	3.50865912	38.20477056
84	85	50	51	3.497140285	38.90952492
84	85	51	52	3.516185651	37.81131388
84	85	52	53	3.507659023	38.82580344
84	85	53	54	3.499394397	38.82914332
84	85	54	55	3.491391641	38.54248543
84	85	55	56	3.484093589	38.22472678
84	85	56	57	3.492369979	38.01575903
84	85	57	58	3.485582727	38.80460008
84	85	58	59	3.479044303	37.99754223
84	85	59	60	3.472862222	38.71608338
84	85	60	61	3.445791741	39.56586167
84	85	61	62	3.407666541	39.15479325
84	85	62	63	3.402874308	39.23573076
84	85	63	64	3.401009972	39.19188046
84	85	64	65	3.400002897	38.6029905
84	85	65	66	3.417806307	38.85280455
84	85	66	67	3.427228942	38.53437142
84	85	67	68	3.424231991	38.46528122
84	85	68	69	3.421579077	38.574736
84	85	69	70	3.419386383	39.0928942
84	85	70	71	3.408466059	38.70481965
84	85	71	72	3.38065217	39.15747688
84	85	72	73	3.379689949	39.00789338
84	85	73	74	3.381275332	38.77452616
84	85	74	75	3.381087713	38.68878343
84	85	75	76	3.405760295	38.78220918
84	85	76	77	3.426978199	38.62058854
84	85	77	78	3.42829358	39.06727121
84	85	78	79	3.429961731	38.60653168
84	85	79	80	3.431982712	38.20723263
84	85	80	81	3.441636454	38.3570716
84	85	81	82	3.439651264	37.65777428
84	85	82	83	3.44292963	38.28142401
84	85	83	84	3.446681515	38.32906308
84	85	84	85	3.450687369	39.44057178
84	85	85	86	3.464567271	38.33395466
84	85	86	87	3.500200125	37.94165395
84	85	87	88	3.505298768	37.9403043
84	85	88	89	3.510535747	38.3121766
84	85	89	90	3.516139408	37.97226938
84	85	90	91	3.518293337	38.33972705
84	85	91	92	3.524397916	37.92244651
84	85	92	93	3.531421122	37.41210757
84	85	93	94	3.538691081	37.72970455
84	85	94	95	3.546207925	37.81755558
84	85	95	96	3.529617142	37.24793915
84	85	96	97	3.551781887	37.63632532
84	85	97	98	3.56526563	37.50070696
84	85	98	99	3.573717932	37.29672941
84	85	99	100	3.580508213	37.6540519
84	85	100	101	3.560880165	37.80986156
84	85	101	102	3.592378031	37.01184579
84	85	102	103	3.601108956	37.64496995
84	85	103	104	3.609948987	37.82672492
84	85	104	105	3.61900594	37.74457988
84	85	105	106	3.608639232	37.89674774
84	85	106	107	3.600501381	37.85320881
84	85	107	108	3.609844008	37.7772767
84	85	108	109	3.619273974	37.46628643
84	85	109	110	3.631973878	37.44631057
84	85	110	111	3.658544482	37.31254552
84	85	111	112	3.63895758	37.12282898
84	85	112	113	3.649094251	36.84180956
84	85	113	114	3.659201342	36.78112671
84	85	114	115	3.669512008	37.04857089
84	85	115	116	3.693386185	36.90965657
84	85	116	117	3.699457106	37.2005103
84	85	117	118	3.709245735	37.29463731
84	85	118	119	3.719314043	37.09085896
84	85	119	120	3.729477446	36.91965779
84	85	120	121	3.713745247	36.36923587
84	85	121	122	3.718058925	36.62259752
84	85	122	123	3.728040784	36.56552012
84	85	123	124	3.738130135	36.30460591
84	85	124	125	3.748322533	36.33688288
84	85	125	126	3.766478129	36.09129521
84	85	126	127	3.754112789	36.23242763
84	85	127	128	3.764641017	36.01121316
84	85	128	129	3.775285528	36.30620857
84	85	129	130	3.785938564	36.20922685
84	85	130	131	3.787515124	35.83104187
84	85	131	132	3.799985334	35.84281066
84	85	132	133	3.810565436	36.33969164
84	85	133	134	3.821042031	36.13948583
84	85	134	135	3.831652997	35.60605357
84	85	135	136	3.870429768	35.83930306
84	85	136	137	3.898096985	36.02946053
84	85	137	138	3.908488185	35.53957333
84	85	138	139	3.918789612	35.85212135
84	85	139	140	3.928987763	35.42308748
84	85	140	141	3.921807233	35.69371843
84	85	141	142	3.932373893	35.59423624
84	85	142	143	3.941836079	35.7257317
84	85	143	144	3.950970629	35.60451325
84	85	144	145	3.951431407	35.46104176
84	85	145	146	3.975982242	35.23730012
84	85	146	147	3.977909696	34.99401042
84	85	147	148	3.98556578	35.27584607
84	85	148	149	3.992772521	35.88595986
84	85	149	150	3.999637616	34.91305608
84	85	150	151	4.016378562	35.27997681
84	85	151	152	4.023121263	35.18431127
84	85	152	153	4.028400094	35.76966967
84	85	153	154	4.034768239	35.39948925
84	85	154	155	4.042866723	35.37169688
84	85	155	156	4.016867715	35.89861079
84	85	156	157	4.038469511	35.68663376
84	85	157	158	4.041646741	35.40024329
84	85	158	159	4.044356224	35.21593241
84	85	159	160	4.0466026	34.03187999
84	85	160	161	4.028290639	35.38265614
84	85	161	162	4.005070272	35.32280829
84	85	162	163	4.005830943	35.62702025
84	85	163	164	4.006241224	35.63536947
84	85	164	165	4.006193544	35.59539203
84	85	165	166	4.03575866	35.01662527
84	85	166	167	4.038280503	35.45698666
84	85	167	168	4.03743223	35.42227599
84	85	168	169	4.029501639	35.42040063
84	85	169	170	4.03144079	35.49731515
84	85	170	171	4.048122516	35.41116303
84	85	171	172	4.036445912	34.70210904
84	85	172	173	4.02606163	36.03633316
84	85	173	174	4.023535586	35.76805671
84	85	174	175	4.020808889	35.62067477
84	85	175	176	4.045865928	35.30906199
84	85	176	177	4.038025019	35.14660221
84	85	177	178	4.035254595	35.6848886
84	85	178	179	4.03217623	36.03747867
84	85	179	180	4.02878995	35.72503269
83	84	-180	-179	4.03625841	35.08114794
83	84	-179	-178	4.045695789	35.5978669
83	84	-178	-177	4.035883157	35.76458326
83	84	-177	-176	4.025467034	35.67505061
83	84	-176	-175	4.003924642	35.47476731
83	84	-175	-174	4.007943197	35.26755134
83	84	-174	-173	4.004092243	35.51759549
83	84	-173	-172	4.01397657	34.79079254
83	84	-172	-171	4.002187595	35.81898358
83	84	-171	-170	3.974184262	35.73153062
83	84	-170	-169	3.96606004	35.52619787
83	84	-169	-168	3.952895303	35.57425664
83	84	-168	-167	3.92261671	35.81120032
83	84	-167	-166	3.907733552	36.0905359
83	84	-166	-165	3.896122433	35.28841627
83	84	-165	-164	3.880531288	36.31129418
83	84	-164	-163	3.877630784	36.35871113
83	84	-163	-162	3.882414133	35.49702011
83	84	-162	-161	3.864752513	35.77132579
83	84	-161	-160	3.861884591	35.83561999
83	84	-160	-159	3.842238869	36.17186562
83	84	-159	-158	3.814604745	36.46951025
83	84	-158	-157	3.783622664	36.8235874
83	84	-157	-156	3.764099141	36.05826511
83	84	-156	-155	3.749022686	36.71043815
83	84	-155	-154	3.714293178	36.88791056
83	84	-154	-153	3.70046504	36.45459182
83	84	-153	-152	3.687869184	37.25695464
83	84	-152	-151	3.669181394	36.8107833
83	84	-151	-150	3.638518653	37.22781638
83	84	-150	-149	3.624761714	37.1123979
83	84	-149	-148	3.614257554	37.73769977
83	84	-148	-147	3.593231377	37.68923481
83	84	-147	-146	3.575275637	38.0349414
83	84	-146	-145	3.560558763	37.27850981
83	84	-145	-144	3.563360574	37.4809423
83	84	-144	-143	3.567319565	37.10989972
83	84	-143	-142	3.552675732	37.94471956
83	84	-142	-141	3.541119342	37.55526797
83	84	-141	-140	3.553125467	37.63534852
83	84	-140	-139	3.53772725	37.54096006
83	84	-139	-138	3.540660393	37.76137096
83	84	-138	-137	3.523422366	38.86673273
83	84	-137	-136	3.52013712	37.90024587
83	84	-136	-135	3.51201887	38.54230749
83	84	-135	-134	3.532869661	38.2116945
83	84	-134	-133	3.519857854	38.27849746
83	84	-133	-132	3.511232703	38.61004438
83	84	-132	-131	3.51477947	38.27678584
83	84	-131	-130	3.514518562	38.42490541
83	84	-130	-129	3.50577187	37.95337959
83	84	-129	-128	3.521989696	38.10475847
83	84	-128	-127	3.549788283	38.72496065
83	84	-127	-126	3.558623358	38.63301012
83	84	-126	-125	3.552827735	38.03351861
83	84	-125	-124	3.583170386	37.84000437
83	84	-124	-123	3.590425163	38.50900596
83	84	-123	-122	3.599577841	38.25175506
83	84	-122	-121	3.613497735	38.33489756
83	84	-121	-120	3.631391684	37.78030416
83	84	-120	-119	3.638395613	37.47363449
83	84	-119	-118	3.63850901	37.67596005
83	84	-118	-117	3.665768468	37.71705063
83	84	-117	-116	3.68089051	37.93179234
83	84	-116	-115	3.704026404	37.28676976
83	84	-115	-114	3.732840144	37.50044771
83	84	-114	-113	3.729466674	37.63938177
83	84	-113	-112	3.738778405	37.63380394
83	84	-112	-111	3.75487178	37.65022925
83	84	-111	-110	3.766780714	37.21451735
83	84	-110	-109	3.78004821	37.87626357
83	84	-109	-108	3.762362337	37.61547771
83	84	-108	-107	3.780617331	37.13674332
83	84	-107	-106	3.796630876	37.22978833
83	84	-106	-105	3.8244446	37.38410118
83	84	-105	-104	3.865979436	36.44420263
83	84	-104	-103	3.892072668	36.54791804
83	84	-103	-102	3.896779716	36.44572528
83	84	-102	-101	3.911518116	36.46538445
83	84	-101	-100	3.943317196	35.39712434
83	84	-100	-99	3.974353116	35.9967042
83	84	-99	-98	3.975665255	35.96794481
83	84	-98	-97	3.995597227	36.12373347
83	84	-97	-96	4.008909956	34.64854945
83	84	-96	-95	4.009653907	35.727208
83	84	-95	-94	4.037981838	35.5555354
83	84	-94	-93	4.072626414	35.47682541
83	84	-93	-92	4.075488183	34.8907234
83	84	-92	-91	4.086849285	35.00402245
83	84	-91	-90	4.093789557	35.24291587
83	84	-90	-89	4.120744953	34.59379966
83	84	-89	-88	4.115150376	34.67751904
83	84	-88	-87	4.139288354	34.93750746
83	84	-87	-86	4.153204353	34.73408576
83	84	-86	-85	4.141596066	34.58536204
83	84	-85	-84	4.143518794	34.10614205
83	84	-84	-83	4.162225674	34.66654609
83	84	-83	-82	4.177502169	34.29707012
83	84	-82	-81	4.184986332	34.14495982
83	84	-81	-80	4.201656007	34.33514533
83	84	-80	-79	4.192651165	33.98467469
83	84	-79	-78	4.18332761	34.04544914
83	84	-78	-77	4.183510179	34.2581063
83	84	-77	-76	4.188624552	34.05912433
83	84	-76	-75	4.193968424	33.51030497
83	84	-75	-74	4.202319323	34.48277482
83	84	-74	-73	4.210210531	34.00137718
83	84	-73	-72	4.195357185	34.6288174
83	84	-72	-71	4.198973596	33.97354807
83	84	-71	-70	4.181658025	33.93674127
83	84	-70	-69	4.178714222	34.37998714
83	84	-69	-68	4.174469869	33.9646053
83	84	-68	-67	4.162220893	34.28688262
83	84	-67	-66	4.165875198	34.17440257
83	84	-66	-65	4.186216265	34.30598736
83	84	-65	-64	4.198146726	34.17256995
83	84	-64	-63	4.197406015	33.60759101
83	84	-63	-62	4.212687394	34.20501497
83	84	-62	-61	4.217084796	33.64182983
83	84	-61	-60	4.200409419	34.30209445
83	84	-60	-59	4.192690293	33.84735084
83	84	-59	-58	4.21590744	33.55547379
83	84	-58	-57	4.205376016	34.05692152
83	84	-57	-56	4.205251621	34.1526215
83	84	-56	-55	4.223206363	34.14309725
83	84	-55	-54	4.241387385	34.17549617
83	84	-54	-53	4.258566637	34.14475115
83	84	-53	-52	4.24672859	34.04203627
83	84	-52	-51	4.251594814	34.07383409
83	84	-51	-50	4.260150804	33.93224807
83	84	-50	-49	4.252857142	34.08493968
83	84	-49	-48	4.28328854	33.72506948
83	84	-48	-47	4.274841657	33.8899987
83	84	-47	-46	4.278994291	33.80269596
83	84	-46	-45	4.283613374	33.75886432
83	84	-45	-44	4.27205501	33.99250686
83	84	-44	-43	4.295434387	33.54294289
83	84	-43	-42	4.314220428	33.96980277
83	84	-42	-41	4.31786096	33.83663443
83	84	-41	-40	4.324471996	33.77704744
83	84	-40	-39	4.347806476	33.81134208
83	84	-39	-38	4.367739751	33.28690519
83	84	-38	-37	4.395723211	33.18507542
83	84	-37	-36	4.39968638	33.56347473
83	84	-36	-35	4.418684328	33.19221165
83	84	-35	-34	4.425771832	32.89678912
83	84	-34	-33	4.447665827	33.31363415
83	84	-33	-32	4.451779025	33.46132891
83	84	-32	-31	4.4552834	32.62657036
83	84	-31	-30	4.472356103	33.55179873
83	84	-30	-29	4.453353274	33.0394987
83	84	-29	-28	4.450042514	33.44708816
83	84	-28	-27	4.457483141	33.4931974
83	84	-27	-26	4.46028086	33.12069093
83	84	-26	-25	4.450663122	33.51538668
83	84	-25	-24	4.435866644	33.58678135
83	84	-24	-23	4.45632371	33.25284623
83	84	-23	-22	4.45078588	32.96726905
83	84	-22	-21	4.44333226	32.94931235
83	84	-21	-20	4.453008561	33.38731766
83	84	-20	-19	4.43896795	32.72829725
83	84	-19	-18	4.43464856	33.40500723
83	84	-18	-17	4.428272543	33.74785955
83	84	-17	-16	4.427022265	33.15373717
83	84	-16	-15	4.414969155	32.89018596
83	84	-15	-14	4.415967155	32.56062754
83	84	-14	-13	4.422095981	33.47182023
83	84	-13	-12	4.398595192	33.21454277
83	84	-12	-11	4.393918964	32.58098506
83	84	-11	-10	4.396959096	33.4905554
83	84	-10	-9	4.386314879	33.01154897
83	84	-9	-8	4.363676704	33.20972364
83	84	-8	-7	4.360200648	33.45829944
83	84	-7	-6	4.351576053	33.71864906
83	84	-6	-5	4.341608971	34.00476689
83	84	-5	-4	4.311825949	33.19219818
83	84	-4	-3	4.320568978	33.35102811
83	84	-3	-2	4.299830156	33.66580804
83	84	-2	-1	4.290586888	33.87948528
83	84	-1	0	4.288081777	33.63261472
83	84	0	1	4.265227016	33.89466831
83	84	1	2	4.238818307	34.22787731
83	84	2	3	4.195383245	33.69074157
83	84	3	4	4.183026824	34.1588775
83	84	4	5	4.161401316	34.62666077
83	84	5	6	4.143232791	34.72822216
83	84	6	7	4.118267143	34.63915207
83	84	7	8	4.101607558	34.47520482
83	84	8	9	4.083512484	34.64041666
83	84	9	10	4.072369333	34.52184073
83	84	10	11	4.039450455	35.47838721
83	84	11	12	4.006333466	35.39884812
83	84	12	13	4.009540276	35.60871875
83	84	13	14	3.991868757	36.13000542
83	84	14	15	3.960130384	34.99180839
83	84	15	16	3.946991832	35.42439144
83	84	16	17	3.926735851	35.79602924
83	84	17	18	3.887623866	36.52722225
83	84	18	19	3.870837998	35.98635492
83	84	19	20	3.846133907	36.47139661
83	84	20	21	3.823773595	36.29292128
83	84	21	22	3.803535224	36.51324999
83	84	22	23	3.784262366	36.63262523
83	84	23	24	3.768398388	36.78456025
83	84	24	25	3.756777154	36.31520629
83	84	25	26	3.734562854	36.53632953
83	84	26	27	3.717092848	37.05218625
83	84	27	28	3.708701086	37.13418435
83	84	28	29	3.693508078	36.39479758
83	84	29	30	3.695494405	36.96218424
83	84	30	31	3.664055272	37.89401778
83	84	31	32	3.663499498	37.00842999
83	84	32	33	3.629981166	37.76930819
83	84	33	34	3.612792685	37.50809761
83	84	34	35	3.611507019	37.72792461
83	84	35	36	3.593105186	37.93216201
83	84	36	37	3.573958111	38.16726452
83	84	37	38	3.548388557	38.08159568
83	84	38	39	3.533218389	38.00525144
83	84	39	40	3.507355043	38.2284396
83	84	40	41	3.507369126	38.29025309
83	84	41	42	3.481350351	38.26000461
83	84	42	43	3.451345197	38.4136038
83	84	43	44	3.437656082	38.73631345
83	84	44	45	3.437388915	39.01637038
83	84	45	46	3.40923827	40.00104648
83	84	46	47	3.403156437	39.56624746
83	84	47	48	3.403297925	39.68736959
83	84	48	49	3.390249983	39.5111403
83	84	49	50	3.38642573	39.08711472
83	84	50	51	3.377757992	38.98515248
83	84	51	52	3.342272372	39.15246248
83	84	52	53	3.322913277	39.44551916
83	84	53	54	3.310609809	39.58480453
83	84	54	55	3.308356887	39.43790909
83	84	55	56	3.311483866	39.44519597
83	84	56	57	3.313651282	39.27147226
83	84	57	58	3.305553499	39.20893158
83	84	58	59	Below_detection_limit	-----
83	84	59	60	Below_detection_limit	-----
83	84	60	61	Below_detection_limit	-----
83	84	61	62	Below_detection_limit	-----
83	84	62	63	Below_detection_limit	-----
83	84	63	64	Below_detection_limit	-----
83	84	64	65	Below_detection_limit	-----
83	84	65	66	Below_detection_limit	-----
83	84	66	67	Below_detection_limit	-----
83	84	67	68	Below_detection_limit	-----
83	84	68	69	Below_detection_limit	-----
83	84	69	70	Below_detection_limit	-----
83	84	70	71	Below_detection_limit	-----
83	84	71	72	Below_detection_limit	-----
83	84	72	73	Below_detection_limit	-----
83	84	73	74	Below_detection_limit	-----
83	84	74	75	Below_detection_limit	-----
83	84	75	76	Below_detection_limit	-----
83	84	76	77	Below_detection_limit	-----
83	84	77	78	Below_detection_limit	-----
83	84	78	79	Below_detection_limit	-----
83	84	79	80	Below_detection_limit	-----
83	84	80	81	Below_detection_limit	-----
83	84	81	82	Below_detection_limit	-----
83	84	82	83	Below_detection_limit	-----