2	1,55A,360,NA,-58,NA,70.3030303,
3	1,55A,361,NA,-55.479,NA,72.5,
4	1,55A,362,NA,-52.458,NA,74.00881057,
5	1,55A,363,NA,-49.438,NA,76.19047619,
6	1,55A,364,NA,-46.417,NA,75.76923077,
7	1,55A,365,NA,-43.397,NA,76.05633803,
8	1,55A,366,NA,-40.376,NA,75.91973244,
9	1,55A,367,NA,-37.356,NA,75,
10	1,55A,368,NA,-34.335,NA,75.33783784,
11	1,55A,369,NA,-31.315,NA,75,
12	1,55A,370,NA,-28.295,NA,74.34782609,
13	1,55A,371,NA,-25.274,NA,73.99267399,
14	1,55A,372,NA,-22.254,NA,74.52830189,
15	1,55A,373,NA,-19.233,NA,74.13127413,
16	1,55A,374,NA,-16.213,NA,74.63414634,
17	1,55A,375,NA,-13.192,NA,74.21875,
18	1,55A,376,NA,-10.172,NA,73.55932203,
19	1,55A,377,NA,-7.151,NA,73.65853659,
20	1,55A,378,NA,-4.131,NA,74.70817121,
21	1,55A,379,NA,-1.111,NA,74.23076923,
31	1,55A,389,NA,29.094,NA,75,
102	1,55A,460,NA,608.017,NA,90,
243	1,55A,770,NA,4274.56,NA,80,
329	1,55A,1120,NA,9603,NA,30.04115226,
363	2,23A,350,-59.24,-59.24,-59,66.97,
364	2,23A,351,-57.72,-51.54,61.25,65.55,
365	2,23A,352,-56.2,-43.84,113.25,65.22,
366	2,23A,353,-54.68,-36.14,144.95,63.69,
367	2,23A,354,-53.16,-28.48,166.64,63.71,
368	2,23A,355,-51.64,-20.87,186.86,63.01,
369	2,23A,356,-50.12,-13.34,208.3,62.44,
370	2,23A,357,-48.61,-5.74,223.44,62.54,
447	2,23A,434,520.95,557.15,767.24,88,
477	2,23A,464,648.93,863,938.49,85.75,
501	2,23A,488,1097.38,1419.14,1750.57,64,
526	2,23A,513,1883.95,1928.33,2039,71,
537	2,23A,524,1904,1964.1,2110.72,82.85,
540	2,23A,527,1906.99,1974.01,2132.2,88,
544	2,23A,531,1911,1987.23,2157.88,89.01,
552	2,23A,539,1922.39,2013.67,2204.19,89,
560	2,23A,547,1939.49,2040.1,2249,84.95,
584	2,23A,571,2133.26,2349,2888.5,78.59,
726	2,23A,713,5623.65,5693.25,5751.04,,
730	2,23A,717,5655,5754.04,5779.56,45.22,
731	2,23A,718,5666.8,5769.24,5792.28,,
742	2,23A,729,5777.02,5840.23,5859.03,,
744	2,23A,731,5794.44,5851.57,5863.63,,
749	2,23A,736,5867.65,5930,6057.31,60.99,
752	2,23A,739,5905.56,6012,6112.52,51.02,
755	2,23A,742,5944.35,6094,6149.8,53.54,
758	2,23A,745,6012.71,6176,6182.89,27.17,
772	2,23A,759,6105.29,6229.77,6273.54,4,
814	2,23A,801,6270.72,6340.6,6366,5.27,
817	2,23A,804,6276.42,6347,6368.19,32.48,
831	2,23A,818,6324.62,6398.04,6708.62,63,
833	3,16A,340,-59.92,-59.914,-59,63.19890492,
834	3,16A,341,-57.6393,-46.5335,145.0184,61.65876299,
835	3,16A,342,-55.35858,-33.1515,239.0811,61.70080142,
836	3,16A,343,-53.07687,-19.89,287.5754,61.64060195,
837	3,16A,344,-50.79617,-6.645,328.9693,60.75671277,
1071	3,16A,578,5659,5903.988,7005.283,43.8689322,
1102	3,16A,608,7805.08,7865.82,8377,0,
1103	3,16A,608,16000,16000,16000,0,
1104	4,10A,285.5,-54.13,-42.51,128.54,48.92,
1105	4,10A,286.5,-46.26,-11.4,237.96,46.81,
1112	4,10A,293.5,12.47,206.36,428,66.43,
1134	4,10A,315.5,550,617.48,647.9,3,
1163	4,10A,344.5,1099,1527.17,1607.7,46.1,
1186	4,10A,367.5,2206,2226.72,2263.99,4.33,
1219	4,10A,400.5,2714,3101.74,3167.17,67.28,
1224	4,10A,404.5,3138.54,3237.42,3666.73,0,
1225	4,10A,404.5,16000,16000,16000,0,
