14	2018-01-01 12:00:00,2018.001370,2018,01,01,12,nan,nan,0,nan,nan,nan,P..
47	2018-01-02 21:00:00,2018.005137,2018,01,02,21,nan,nan,0,nan,nan,nan,P..
82	2018-01-04 08:00:00,2018.009132,2018,01,04,08,nan,nan,0,nan,nan,nan,P..
115	2018-01-05 17:00:00,2018.012900,2018,01,05,17,nan,nan,0,nan,nan,nan,P..
150	2018-01-07 04:00:00,2018.016895,2018,01,07,04,nan,nan,0,nan,nan,nan,P..
183	2018-01-08 13:00:00,2018.020662,2018,01,08,13,nan,nan,0,nan,nan,nan,P..
218	2018-01-10 00:00:00,2018.024658,2018,01,10,00,nan,nan,0,nan,nan,nan,P..
251	2018-01-11 09:00:00,2018.028425,2018,01,11,09,nan,nan,0,nan,nan,nan,P..
274	2018-01-12 08:00:00,2018.031050,2018,01,12,08,nan,nan,0,nan,nan,nan,P..
286	2018-01-12 20:00:00,2018.032420,2018,01,12,20,nan,nan,0,nan,nan,nan,P..
309	2018-01-13 19:00:00,2018.035046,2018,01,13,19,nan,nan,0,nan,nan,nan,P..
342	2018-01-15 04:00:00,2018.038813,2018,01,15,04,nan,nan,0,nan,nan,nan,P..
377	2018-01-16 15:00:00,2018.042808,2018,01,16,15,nan,nan,0,nan,nan,nan,P..
410	2018-01-18 00:00:00,2018.046575,2018,01,18,00,nan,nan,0,nan,nan,nan,P..
445	2018-01-19 11:00:00,2018.050571,2018,01,19,11,nan,nan,0,nan,nan,nan,P..
478	2018-01-20 20:00:00,2018.054338,2018,01,20,20,nan,nan,0,nan,nan,nan,P..
513	2018-01-22 07:00:00,2018.058333,2018,01,22,07,nan,nan,0,nan,nan,nan,P..
546	2018-01-23 16:00:00,2018.062100,2018,01,23,16,nan,nan,0,nan,nan,nan,P..
581	2018-01-25 03:00:00,2018.066096,2018,01,25,03,nan,nan,0,nan,nan,nan,P..
614	2018-01-26 12:00:00,2018.069863,2018,01,26,12,nan,nan,0,nan,nan,nan,P..
649	2018-01-27 23:00:00,2018.073858,2018,01,27,23,nan,nan,0,nan,nan,nan,P..
672	2018-01-28 22:00:00,2018.076484,2018,01,28,22,nan,nan,0,nan,nan,nan,P..
682	2018-01-29 08:00:00,2018.077626,2018,01,29,08,nan,nan,0,nan,nan,nan,P..
705	2018-01-30 07:00:00,2018.080251,2018,01,30,07,nan,nan,0,nan,nan,nan,P..
740	2018-01-31 18:00:00,2018.084247,2018,01,31,18,nan,nan,0,nan,nan,nan,P..
773	2018-02-02 03:00:00,2018.088014,2018,02,02,03,nan,nan,0,nan,nan,nan,P..
808	2018-02-03 14:00:00,2018.092009,2018,02,03,14,nan,nan,0,nan,nan,nan,P..
841	2018-02-04 23:00:00,2018.095776,2018,02,04,23,nan,nan,0,nan,nan,nan,P..
876	2018-02-06 10:00:00,2018.099772,2018,02,06,10,nan,nan,0,nan,nan,nan,P..
909	2018-02-07 19:00:00,2018.103539,2018,02,07,19,nan,nan,0,nan,nan,nan,P..
944	2018-02-09 06:00:00,2018.107534,2018,02,09,06,nan,nan,0,nan,nan,nan,P..
977	2018-02-10 15:00:00,2018.111301,2018,02,10,15,nan,nan,0,nan,nan,nan,P..
1012	2018-02-12 02:00:00,2018.115297,2018,02,12,02,nan,nan,0,nan,nan,nan,P..
1045	2018-02-13 11:00:00,2018.119064,2018,02,13,11,nan,nan,0,nan,nan,nan,P..
1068	2018-02-14 10:00:00,2018.121689,2018,02,14,10,nan,nan,0,nan,nan,nan,P..
1103	2018-02-15 21:00:00,2018.125685,2018,02,15,21,nan,nan,0,nan,nan,nan,P..
1136	2018-02-17 06:00:00,2018.129452,2018,02,17,06,nan,nan,0,nan,nan,nan,P..
1171	2018-02-18 17:00:00,2018.133447,2018,02,18,17,nan,nan,0,nan,nan,nan,P..
1204	2018-02-20 02:00:00,2018.137215,2018,02,20,02,nan,nan,0,nan,nan,nan,P..
1239	2018-02-21 13:00:00,2018.141210,2018,02,21,13,nan,nan,0,nan,nan,nan,P..
1272	2018-02-22 22:00:00,2018.144977,2018,02,22,22,nan,nan,0,nan,nan,nan,P..
1307	2018-02-24 09:00:00,2018.148973,2018,02,24,09,nan,nan,0,nan,nan,nan,P..
1340	2018-02-25 18:00:00,2018.152740,2018,02,25,18,nan,nan,0,nan,nan,nan,P..
1375	2018-02-27 05:00:00,2018.156735,2018,02,27,05,nan,nan,0,nan,nan,nan,P..
1408	2018-02-28 14:00:00,2018.160502,2018,02,28,14,nan,nan,0,nan,nan,nan,P..
1443	2018-03-02 01:00:00,2018.164498,2018,03,02,01,nan,nan,0,nan,nan,nan,P..
1466	2018-03-03 00:00:00,2018.167123,2018,03,03,00,nan,nan,0,nan,nan,nan,P..
1476	2018-03-03 10:00:00,2018.168265,2018,03,03,10,nan,nan,0,nan,nan,nan,P..
1499	2018-03-04 09:00:00,2018.170890,2018,03,04,09,nan,nan,0,nan,nan,nan,P..
1534	2018-03-05 20:00:00,2018.174886,2018,03,05,20,nan,nan,0,nan,nan,nan,P..
1567	2018-03-07 05:00:00,2018.178653,2018,03,07,05,nan,nan,0,nan,nan,nan,P..
1602	2018-03-08 16:00:00,2018.182648,2018,03,08,16,nan,nan,0,nan,nan,nan,P..
1635	2018-03-10 01:00:00,2018.186416,2018,03,10,01,nan,nan,0,nan,nan,nan,P..
1665	2018-03-11 07:00:00,2018.189726,2018,03,11,07,nan,nan,0,nan,nan,nan,P..
1666	2018-03-11 08:00:00,2018.189840,2018,03,11,08,nan,nan,0,nan,nan,nan,P..
1667	2018-03-11 09:00:00,2018.189954,2018,03,11,09,nan,nan,0,nan,nan,nan,P..
1668	2018-03-11 10:00:00,2018.190068,2018,03,11,10,nan,nan,0,nan,nan,nan,P..
1669	2018-03-11 11:00:00,2018.190183,2018,03,11,11,nan,nan,0,nan,nan,nan,P..
1670	2018-03-11 12:00:00,2018.190297,2018,03,11,12,nan,nan,0,nan,nan,nan,P..
1671	2018-03-11 13:00:00,2018.190411,2018,03,11,13,nan,nan,0,nan,nan,nan,P..
1672	2018-03-11 14:00:00,2018.190525,2018,03,11,14,nan,nan,0,nan,nan,nan,P..
1673	2018-03-11 15:00:00,2018.190639,2018,03,11,15,nan,nan,0,nan,nan,nan,P..
1674	2018-03-11 16:00:00,2018.190753,2018,03,11,16,nan,nan,0,nan,nan,nan,P..
1675	2018-03-11 17:00:00,2018.190868,2018,03,11,17,nan,nan,0,nan,nan,nan,P..
1676	2018-03-11 18:00:00,2018.190982,2018,03,11,18,nan,nan,0,nan,nan,nan,P..
1677	2018-03-11 19:00:00,2018.191096,2018,03,11,19,nan,nan,0,nan,nan,nan,P..
1678	2018-03-11 20:00:00,2018.191210,2018,03,11,20,nan,nan,0,nan,nan,nan,P..
1679	2018-03-11 21:00:00,2018.191324,2018,03,11,21,nan,nan,0,nan,nan,nan,P..
1685	2018-03-12 03:00:00,2018.192009,2018,03,12,03,nan,nan,0,nan,nan,nan,P..
1718	2018-03-13 12:00:00,2018.195776,2018,03,13,12,nan,nan,0,nan,nan,nan,P..
1753	2018-03-14 23:00:00,2018.199772,2018,03,14,23,nan,nan,0,nan,nan,nan,P..
