5	LV-62W,2018,65,66,60,59,47,34,37,42,44,53,44,54,40
6	LV-62E,2018,58,65,56,53,44,18,35,48,42,40,52,55,38
13	NB-NB1,2018,54,65,60,47,48,35,44,51,54,49,55,62,42
16	SC5,2018,42,58,,60,58,,52,38,40,45,42,53,39
18	HH-LB,2018,57,58,58,38,54,44,34,36,42,44,44,,37
19	HH-LT,2018,73,55,61,60,53,49,50,59,,65,63,76,48
22	BH3,2018,72,71,55,46,49,43,,49,43,48,48,57,42
27	HTAH,2018,38,37,33,46,46,35,32,37,39,32,42,44,31
29	AT-MR,2018,44,43,39,37,31,19,30,,34,31,24,41,27
30	AT-MR2,2018,41,45,52,39,32,17,37,40,42,41,42,47,32
31	AQC1,2018,46,39,36,47,54,,39,37,46,50,52,50,36
33	AQC3,2018,42,37,37,59,56,23,,35,50,46,49,58,36
36	AQ21,2018,66,64,51,56,50,39,61,57,53,50,,71,45
50	BS1 HB,2018,57,60,53,51,36,40,41,33,33,41,54,50,37
51	WV-SR1,2018,56,58,54,48,42,33,45,42,46,37,49,60,38
52	WV-SR2,2018,47,50,52,37,36,30,35,27,29,33,40,48,31
53	NB-RB,2018,40,38,37,31,18,23,,,,,,,25
54	NB-SJ,2018,40,39,40,27,34,30,,,,,,,28
55	MY01,2018,,,,,,61,61,56,57,56,67,59,48
56	MY02,2018,,,,,,19,25,25,22,25,34,38,21
57	MY03,2018,,,,,,43,47,46,38,43,65,54,38
58	MY-04,2018,,,,,,,,26,34,33,31,43,27
59	MY-05,2018,,,,,,,,33,37,29,43,47,30
60	CR,2018,,,,,,,29,29,,,,,23
61	PSN,2018,,,,,,,29,29,,,,,23
