3	125777,,00FFNS
15	125865,8015,00FFNX
31	125968,3199,00FFPD
51	126121,0256,00FFNY
54	126136,0687,Across Ward Boundaries
56	126153,2722,00FFNS
60	126163,1498,00FFNM
61	126166,3083,00FFNS
83	126254,3112,Across Ward Boundaries
96	126290,2313,00FFNW
117	126404,1183,00FFNU
122	126440,0481,00FFNL
152	126683,4869,00FFNP
156	126692,0108,00FFNP
174	126741,3057,00FFNJ
175	126743,8015,00FFNX
191	126807,0326,00FFNM
224	126953,0277,00FFPD
229	126971,0480,00FFNL
241	127055,2473,00FFNS
266	127182,0326,00FFNM
273	127245,1500,00FFNP
307	127392,0108,00FFNP
312	127402,9512,Across Ward Boundaries
325	127506,0480,00FFNL
326	127514,3201,00FFNS
331	127541,1496,00FFNY
333	127561,2815,00FFPD
353	127657,1935,00FFNS
360	127709,1811,00FFNS
365	127793,1936,00FFNM
370	127805,0481,00FFNL
377	127840,2313,00FFNW
385	127854,2473,00FFNS
395	127879,7985,00FFPA
399	127911,2811,Across Ward Boundaries
408	127942,3203,00FFNG
417	127971,0256,00FFNY
419	127976,7045,00FFNP
420	127977,9300,Across Ward Boundaries
422	127994,1498,00FFNM
436	128084,2680,00FFPD
449	128158,2594,00FFNL
467	128199,0480,00FFNY
473	128230,1039,00FFPD
475	128242,3082,00FFNS
488	128388,3217,00FFNY
509	128458,7925,00FFNX
522	128496,3198,00FFxx4
524	128501,,00FFxx4
538	128540,9513,Across Ward Boundaries
547	128605,8047,00FFNS
558	128684,1936,00FFNM
561	128699,3058,00FFNP
570	128748,3083,00FFNS
584	128855,2920,00FFNY
590	128887,0427,00FFNM
593	128900,0481,00FFNL
595	128909,0256,00FFNY
609	128958,9612,
610	128968,3108,00FFNJ
618	128992,2649,00FFPD
624	129005,3055,00FFNG
636	129033,,00FFxx4
643	129055,1500,00FFNP
651	129071,0256,00FFNY
657	129110,7213,00FFNU
671	129168,0481,00FFNL
687	129331,0534,00FFNH
710	129477,0476,00FFNU
712	129488,0481,00FFPA
723	129519,2920,00FFNL
754	129631,4869,00FFNP
760	129714,0481,00FFNL
764	129733,1545,00FFNU
773	129760,3112,00FFNY
813	130055,0476,00FFNU
815	130059,3083,00FFNS
833	130112,3199,00FFPD
835	130125,2920,00FFNL
843	130153,2313,00FFNW
847	130160,2680,00FFPD
851	136750,9644,
858	145208,0198,00FFNP
862	149237,3199,00FFPD
885	161808,7985,00FFPA
886	162188,0277,00FFPD
897	163016,2616,
898	163017,1545,
900	163019,3247,
908	163029,9293,
912	163034,2920,
918	163040,2548,
924	163046,157,
925	163047,2664,
938	163060,1940,
969	163101,0565,00FFNP
