67	   3 728136.0  -123.485   38.165  381.4    NaN
68	   3 728136.5  -123.488   38.199  382.9    NaN
87	   3 728146.0  -123.509   38.004  367.3    NaN
88	   3 728146.5  -123.490   37.960  367.1    NaN
97	   3 728151.0  -123.284   37.752  366.8    NaN
98	   3 728151.5  -123.292   37.762  367.1    NaN
384	   4 728293.5  -130.473   38.795    0.0    NaN
385	   4 728294.0  -130.504   38.764    0.0    NaN
386	   4 728294.5  -130.499   38.766    0.0    NaN
387	   4 728295.0  -130.463   38.794    0.0    NaN
466	   5 728156.0  -125.199   42.303  141.1    NaN
467	   5 728156.5  -125.220   42.266  144.7    NaN
479	   5 728162.5  -125.250   42.374  155.6    NaN
496	   5 728171.0  -125.347   42.213  152.8    NaN
497	   5 728171.5  -125.457   42.217  157.1    NaN
1216	  21 728437.5  -122.749   36.985    0.0    NaN
1217	  21 728438.0  -122.775   37.043    0.0    NaN
1221	  21 728440.0  -122.956   37.284    0.0    NaN
1223	  21 728441.0  -123.030   37.431  360.6    NaN
1258	  22 728448.0  -123.819   37.330  574.4    NaN
1259	  24 728431.5  -123.003   36.350    0.0    NaN
1260	  24 728432.0  -123.015   36.363    0.0    NaN
1264	  24 728434.0  -123.015   36.433    0.0    NaN
1266	  24 728435.0  -123.015   36.465    0.0    NaN
1279	  24 728441.5  -123.080   36.657    0.0    NaN
1288	  24 728446.0  -123.283   36.931    0.0    NaN
1292	  24 728448.0  -123.400   37.071    0.0    NaN
1293	  24 728448.5  -123.438   37.107  552.9    NaN
1296	  24 728450.0  -123.558   37.218    0.0    NaN
1297	  24 728450.5  -123.598   37.258    0.0    NaN
1298	  24 728451.0  -123.635   37.301    0.0    NaN
1300	  24 728452.0  -123.709   37.383    0.0    NaN
1302	  24 728453.0  -123.778   37.453    0.0    NaN
1421	  26 728585.5  -122.765   36.975  315.5    NaN
1422	  26 728586.0  -122.795   37.022  314.5    NaN
1423	  26 728586.5  -122.826   37.067  317.8    NaN
1441	  26 728595.5  -123.500   37.887  313.0    NaN
1442	  26 728596.0  -123.531   37.931  317.1    NaN
1570	  28 728520.5  -123.236   37.676  362.5    NaN
1571	  28 728521.0  -123.266   37.700  364.8    NaN
1850	  33 728518.5  -123.179   37.583    0.0    NaN
1851	  33 728519.0  -123.180   37.574    0.0    NaN
