1	AR,0,136.0,3.33,0.00,0.00,0.0
2	HE,0,10.2,2.57,0.00,0.00,0.0
3	N2,1,97.5,3.62,0.00,1.76,4.0
4	H,0,145.0,2.05,0.00,0.00,0.0
5	O,0,80.0,2.75,0.00,0.00,0.0
6	OH,1,80.0,2.75,0.00,0.00,0.0
7	H2,1,38.0,2.92,0.00,0.79,280.0
8	O2,1,107.0,3.46,0.00,1.60,3.8
9	HO2,2,107.0,3.46,0.00,0.00,1.0
11	CO,1,98.1,3.65,0.00,1.95,1.8
12	CO2,1,244.0,3.76,0.00,2.65,2.1
13	HCO,2,498.0,3.59,0.00,0.00,0.0
14	OH,1,80.0,2.75,0.00,0.00,0.0
17	CH,1,80.0,2.75,0.0,0.00,0.0
18	C,0,71.4,3.3,0.0,0.00,0.0
19	CH2,1,144.0,3.8,0.0,0.00,0.0
20	CH2,1,144.0,3.8,0.0,0.00,0.0
22	CH3,1,144.0,3.8,0.0,0.00,0.0
23	CH4,2,141.0,3.75,0.0,2.60,13.0
24	HOCHO,2,436.0,3.97,0.0,0.00,2.0
25	CH2OH,2,417.0,3.69,1.7,0.00,2.0
26	OCHO,2,485.4,4.41,0.0,0.00,1.0
33	CH3O2H,2,482.0,3.63,0.0,0.00,1.0
36	C2H5OH,2,225.0,4.16,0.0,0.00,1.0
37	C2H5O,2,225.0,4.16,0.0,0.00,1.0
40	CH2O2H,2,417.0,3.69,1.7,0.00,2.0
42	C2,1,97.53,3.621,0.0,1.76,4.0
44	HCCO,2,150.0,2.5,0.0,0.00,1.0
45	H2CC,1,209.0,4.1,0.0,0.00,2.5
50	C2H3OO,2,436.0,3.97,0.0,0.00,2.0
51	HCCOH,2,436.0,3.97,0.0,0.00,2.0
53	C2H2OH,2,224.7,4.162,0.0,0.00,1.0
54	C2H3CHO,2,428.8,4.958,2.9,0.00,1.0
55	C3H4O,2,411.0,4.82,0.0,0.00,1.0
56	CHCHO,2,436.0,3.97,0.0,0.00,2.0
57	CHOCHO,1,440.2,4.01,0.0,0.00,2.0
58	CHOCO,2,436.0,3.97,0.0,0.00,2.0
61	CH3CO3H,2,436.0,3.97,0.0,0.00,2.0
67	C3H4P,1,252.0,4.76,0.0,0.00,1.0
70	CH2CH2OH,2,225.0,4.16,0.0,0.00,1.0
71	C2H5O2,2,252.0,4.3,0.0,0.00,1.5
72	C2H4O12,2,436.0,3.97,0.0,0.00,2.0
73	C2H5O2H,2,471.0,4.41,0.0,0.00,1.5
74	C2H5CHO,2,435.0,4.66,2.7,0.00,1.0
75	C2H5CO,2,425.0,4.82,0.0,0.00,1.0
76	C2H4O2H,2,471.0,4.41,0.0,0.00,1.5
77	C2H3O12,2,436.0,3.97,0.0,0.00,2.0
78	CH3OCH3DME,2,395.0,4.037,1.3,0.00,1.0
79	CH3OCH2,2,329.4,4.624,0.0,0.00,1.0
80	CH3OCH2O2,2,329.4,4.624,0.0,0.00,1.0
81	CH3OCH2O2H,2,329.4,4.624,0.0,0.00,1.0
82	CH3OCH2O,2,470.9,4.862,0.0,0.00,1.0
83	CH3OCHO,2,406.5,4.709,0.0,0.00,1.0
84	CH2OCHO,2,395.0,4.037,1.3,0.00,1.0
85	CH3OCO,2,406.5,4.709,0.0,0.00,1.0
86	CH2OCH2O2H,2,329.4,4.624,0.0,0.00,1.0
87	O2CH2OCH2O2H,2,329.4,4.624,0.0,0.00,1.0
88	HO2CH2OCHO,2,329.4,4.624,0.0,0.00,1.0
89	OCH2OCHO,2,329.4,4.624,0.0,0.00,1.0
90	HOCH2OCO,2,329.4,4.624,0.0,0.00,1.0
91	HOCH2O,2,481.8,3.626,0.0,0.00,1.0
92	CH,1,80.00,2.75,0.0,0.00,0.0
93	CH3OCH2OH,2,415.2,4.6,0.000,0.000,1.0
