1	N,0,71.4,3.298,0,0,0,
6	NH2,2,80,2.65,0,2.26,4,
9	NH3,2,481,2.92,1.47,0,10,
11	HNNO,2,232.4,3.828,0,0,1,
12	N2H2,2,71.4,3.798,0,0,1,
13	N2H3,2,200,3.9,0,0,1,
14	N2H4,2,205,4.23,0,4.26,1.5,
15	H2NN,2,71.4,3.798,0,0,1,
17	NO,1,97.53,3.621,0,1.76,4,
18	NO2,2,200,3.5,0,0,1,
22	HNCO,2,232.4,3.828,0,0,1,
27	CN2,1,232.4,3.828,0,0,1,
29	C2N2,1,349,4.361,0,0,1,
36	HNO2,2,232.4,3.828,0,0,1,
37	HONO2,2,232.4,3.828,0,0,1,
38	NO3,2,378.4,4.175,0,0,1,
39	N2O4,2,202.6,5.164,0,0,1,
40	N2O3,2,202.6,5.164,0,0,1,
41	HNO3,2,378.4,4.175,0,0,1,
44	CH3NO2,2,232.4,3.828,0,0,1,
45	CH3ONO2,2,232.4,3.828,0,0,1,
46	CH2NO2,2,232.4,3.828,0,0,1,
48	CH3NH2,2,232.4,3.828,0,0,1,
50	CH2NH2,2,232.4,3.828,0,0,1,
