3	,0D0,-2.77E-06,6.69E-07,4.77E-07,0,C1,89,,,,,,,,,
33	,530X+,2.88E-06,-2.70E-08,-1.09E-07,0,C1,92,,,,,,,,,
34	,530X-,-3.41E-06,-2.77E-07,2.48E-07,0,C1,92,,,,,,,,,
35	,530Y+,-3.87E-08,-3.39E-06,1.28E-07,0,C1,90,,,,,,,,,
36	,530Y-,-6.30E-07,3.30E-06,3.39E-10,0,C1,91,,,,,,,,,
44	,530PN,-7.34E-08,1.48E-07,-1.89E-06,0,C1,90,,,,,,,,,
46	,0D0,-2.46E-06,1.83E-07,1.17E-06,0,C1,95,,,,,,,,,
76	,530X+,2.82E-06,2.13E-07,-1.21E-07,0,C1,0,,,,,,,,,
77	,530X-,-3.59E-06,-1.55E-07,2.33E-07,0,C1,0,,,,,,,,,
78	,530Y+,-4.42E-07,-3.19E-06,1.03E-07,0,C1,108,,,,,,,,,
79	,530Y-,-4.49E-07,3.11E-06,3.25E-08,0,C1,0,,,,,,,,,
87	,530PN,-2.49E-07,1.33E-07,-2.06E-06,0,C1,103,,,,,,,,,
89	,0D0,2.23E-06,-2.08E-08,-2.51E-07,0,C1,53,,,,,,,,,
119	,530X+,1.79E-06,-4.76E-08,-7.59E-08,0,C1,0,,,,,,,,,
120	,530X-,-4.88E-07,-2.56E-08,-7.07E-08,0,C1,58,,,,,,,,,
121	,530Y+,7.57E-07,-1.22E-06,-8.64E-08,0,C1,0,,,,,,,,,
122	,530Y-,4.62E-07,1.19E-06,-6.30E-08,0,C1,59,,,,,,,,,
135	,550PP,2.23E-07,1.82E-08,-8.61E-07,0,C1,0,,,,,,,,,
137	,0D0,3.35E-06,2.99E-08,-4.81E-07,0,C1,68,,,,,,,,,
167	,530X+,2.74E-06,-7.25E-08,-1.94E-07,0,C1,66,,,,,,,,,
168	,530X-,-7.33E-07,-2.30E-08,-5.05E-08,0,C1,69,,,,,,,,,
169	,530Y+,1.12E-06,-1.73E-06,-2.25E-07,0,C1,65,,,,,,,,,
170	,530Y-,5.71E-07,1.79E-06,-1.80E-08,0,C1,0,,,,,,,,,
188	,570PR,1.38E-07,-1.59E-08,-1.60E-06,0,C1,63,,,,,,,,,
190	,0N0,2.54E-06,3.27E-07,-2.70E-07,0,C1,44,,,,,,,,,
213	,530X+,2.12E-06,1.25E-08,-9.16E-08,0,C1,0,,,,,,,,,
214	,530X-,-4.43E-07,2.56E-08,-3.40E-08,0,C1,42,,,,,,,,,
215	,530Y+,7.42E-07,-1.29E-06,-4.48E-08,0,C1,0,,,,,,,,,
216	,530Y-,6.92E-07,1.17E-06,-6.84E-08,0,C1,0,,,,,,,,,
233	,590VO,2.51E-07,-1.66E-08,1.33E-06,0,C1,43,,,,,,,,,
235	,0D0,-2.58E-06,-1.39E-06,-5.75E-07,0,C1,70,,,,,,,,,
258	,530X+,5.59E-07,-3.62E-07,-2.27E-07,0,C1,0,,,,,,,,,
259	,530X-,-2.62E-06,-5.95E-07,-1.94E-07,0,C1,74,,,,,,,,,
260	,530Y+,-8.66E-07,-2.16E-06,-1.39E-07,0,C1,0,,,,,,,,,
261	,530Y-,-1.19E-06,1.18E-06,-3.04E-07,0,C1,0,,,,,,,,,
278	,590VO,-2.16E-07,-2.83E-07,2.26E-06,0,C1,76,,,,,,,,,
280	,0N0,-1.75E-06,-1.33E-06,-3.94E-07,0,C1,48,,,,,,,,,
303	,530X+,5.25E-07,-4.50E-07,-1.24E-07,0,C1,47,,,,,,,,,
304	,530X-,-1.81E-06,-5.65E-07,-1.54E-07,0,C1,47,,,,,,,,,
305	,530Y+,-5.83E-07,-1.76E-06,-1.02E-07,0,C1,0,,,,,,,,,
306	,530Y-,-7.67E-07,7.77E-07,-1.97E-07,0,C1,47,,,,,,,,,
323	,590VO,-2.55E-08,-2.03E-07,1.61E-06,0,C1,45,,,,,,,,,
325	,0D0,1.21E-05,1.42E-06,-2.75E-06,0,C1,211,,,,,,,,,
355	,530X+,1.07E-05,6.05E-07,-1.80E-06,0,C1,228,,,,,,,,,
356	,530X-,-1.56E-06,6.73E-07,-6.77E-07,0,C1,228,,,,,,,,,
357	,530Y+,4.73E-06,-5.94E-06,-1.33E-06,0,C1,237,,,,,,,,,
358	,530Y-,4.13E-06,6.89E-06,-1.09E-06,0,C1,230,,,,,,,,,
376	,570PR,7.74E-07,-1.48E-07,-5.87E-06,0,C1,231,,,,,,,,,
378	,0D0,1.46E-05,-2.00E-06,-3.72E-06,0,C1,228,,,,,,,,,
408	,530X+,1.22E-05,-3.56E-07,-1.80E-06,0,C1,246,,,,,,,,,
409	,530X-,-1.70E-06,-9.84E-07,-1.15E-06,0,C1,242,,,,,,,,,
410	,530Y+,5.19E-06,-7.65E-06,-2.14E-06,0,C1,240,,,,,,,,,
411	,530Y-,4.21E-06,6.13E-06,-7.50E-07,0,C1,242,,,,,,,,,
424	,550PP,1.49E-06,-4.71E-07,-5.35E-06,0,C1,244,,,,,,,,,
426	,0D0,2.20E-07,-1.39E-06,6.87E-07,0,C1,72,,,,,,,,,
456	,530X+,2.45E-06,-3.81E-07,1.35E-07,0,C1,0,,,,,,,,,
457	,530X-,-1.92E-06,-1.95E-08,3.03E-07,0,C1,91,,,,,,,,,
458	,530Y+,5.81E-07,-2.41E-06,2.00E-07,0,C1,93,,,,,,,,,
459	,530Y-,-1.25E-07,1.90E-06,2.57E-07,0,C1,91,,,,,,,,,
477	,570PR,3.52E-08,5.28E-09,-1.81E-06,0,C1,0,,,,,,,,,
479	,0N0,1.99E-07,-8.75E-07,5.04E-07,0,C1,39,,,,,,,,,
503	,550VK,3.19E-07,5.71E-08,1.47E-06,0,C1,0,,,,,,,,,
505	,0D0,3.62E-07,-6.56E-07,6.00E-07,0,C1,41,,,,,,,,,
528	,530X+,1.52E-06,-1.58E-07,1.11E-07,0,C1,0,,,,,,,,,
529	,530X-,-1.10E-06,-7.43E-08,2.26E-07,0,C1,62,,,,,,,,,
530	,530Y+,3.58E-07,-1.40E-06,1.11E-07,0,C1,0,,,,,,,,,
531	,530Y-,-1.45E-08,1.15E-06,2.18E-07,0,C1,65,,,,,,,,,
548	,590VO,4.66E-08,-6.47E-08,1.46E-06,0,C1,58,,,,,,,,,
550	,0D0,-1.17E-05,6.13E-06,3.62E-06,0,C1,80,,,,,,,,,
580	,530X+,6.23E-06,1.30E-06,5.80E-07,0,C1,82,,,,,,,,,
581	,530X-,-1.03E-05,5.33E-07,3.52E-07,0,C1,78,,,,,,,,,
582	,530Y+,-1.28E-06,-6.14E-06,3.71E-07,0,C1,77,,,,,,,,,
583	,530Y-,-2.62E-06,8.16E-06,5.51E-07,0,C1,78,,,,,,,,,
591	,530PN,-1.76E-06,8.76E-07,-5.28E-06,0,C1,0,,,,,,,,,
593	,0D0,-3.30E-06,1.89E-06,2.92E-07,0,C1,19,,,,,,,,,
616	,530X+,1.26E-06,3.86E-07,5.73E-08,0,C1,24,,,,,,,,,
617	,530X-,-2.71E-06,5.10E-07,7.09E-08,0,C1,0,,,,,,,,,
618	,530Y+,-4.92E-07,-1.53E-06,9.75E-08,0,C1,0,,,,,,,,,
619	,530Y-,-8.31E-07,2.29E-06,2.37E-08,0,C1,22,,,,,,,,,
636	,590VO,5.22E-08,-1.13E-07,1.72E-06,0,C1,0,,,,,,,,,
638	,0N0,1.31E-05,1.77E-07,-1.20E-05,0,C1,36,,,,,,,,,
650	,300PE,3.99E-06,-3.85E-07,-3.72E-06,0,C1,0,,,,,,,,,
652	,0D0,1.51E-06,-2.65E-06,-8.40E-07,0,C1,41,,,,,,,,,
675	,530X+,2.02E-06,-6.13E-07,-3.35E-08,0,C1,0,,,,,,,,,
676	,530X-,-1.53E-06,-1.53E-07,-2.27E-07,0,C1,42,,,,,,,,,
677	,530Y+,4.83E-07,-2.29E-06,-4.08E-07,0,C1,0,,,,,,,,,
678	,530Y-,-1.67E-07,1.42E-06,1.31E-07,0,C1,43,,,,,,,,,
688	,560VL,2.69E-07,1.39E-07,1.59E-06,0,C1,42,,,,,,,,,
690	,0D0,2.31E-06,-2.06E-06,-6.60E-07,0,C1,40,,,,,,,,,
691	,150RA,2.25E-06,-2.14E-06,-6.94E-07,1,C1,39,,,,,,,,,
713	,530X+,2.30E-06,-5.66E-07,-2.34E-07,0,C1,0,,,,,,,,,
714	,530X-,-1.28E-06,-3.76E-07,-2.00E-08,0,C1,43,,,,,,,,,
715	,530Y+,8.03E-07,-2.16E-06,-2.44E-07,0,C1,42,,,,,,,,,
716	,530Y-,3.09E-07,1.29E-06,-3.73E-09,0,C1,0,,,,,,,,,
726	,560VL,1.76E-07,-7.05E-08,1.44E-06,0,C1,43,,,,,,,,,
728	,0D0,-4.80E-07,-2.38E-07,9.94E-08,0,C1,18,,,,,,,,,
751	,530X+,9.28E-07,-1.81E-07,1.42E-08,0,C1,0,,,,,,,,,
752	,530X-,-1.13E-06,-7.35E-08,1.56E-07,0,C1,21,,,,,,,,,
753	,530Y+,-1.01E-07,-1.14E-06,1.04E-07,0,C1,22,,,,,,,,,
754	,530Y-,-1.47E-07,8.66E-07,4.44E-08,0,C1,22,,,,,,,,,
771	,590VO,-4.32E-08,-8.38E-08,8.67E-07,0,C1,21,,,,,,,,,
773	,0D0,-8.54E-07,-7.77E-07,3.61E-07,0,C1,21,,,,,,,,,
796	,530X+,1.39E-06,-1.11E-07,2.23E-08,0,C1,24,,,,,,,,,
797	,530X-,-1.59E-06,-1.93E-07,1.82E-07,0,C1,29,,,,,,,,,
798	,530Y+,5.24E-10,-1.64E-06,2.13E-07,0,C1,29,,,,,,,,,
799	,530Y-,-2.15E-07,1.35E-06,-8.58E-09,0,C1,28,,,,,,,,,
809	,560VL,3.70E-09,-2.20E-07,1.09E-06,0,C1,28,,,,,,,,,
811	,0D0,2.88E-07,5.25E-07,1.55E-07,0,C1,12,,,,,,,,,
833	,480PI,1.58E-07,2.16E-08,-9.93E-08,0,C1,0,,,,,,,,,
835	,0D0,2.17E-07,3.95E-07,1.50E-07,0,C1,16,,,,,,,,,
858	,530X+,5.93E-07,-4.87E-08,9.27E-08,0,C1,14,,,,,,,,,
859	,530X-,-2.96E-07,-9.43E-09,8.31E-08,0,C1,14,,,,,,,,,
860	,530Y+,1.39E-07,-5.03E-07,7.43E-08,0,C1,14,,,,,,,,,
861	,530Y-,1.32E-07,4.34E-07,1.01E-07,0,C1,0,,,,,,,,,
878	,590VO,1.17E-07,-5.46E-08,4.13E-07,0,C1,0,,,,,,,,,
880	,0D0,-3.79E-07,-4.00E-06,-1.29E-06,0,C1,53,,,,,,,,,
903	,530X+,2.27E-06,-1.14E-06,-5.94E-07,0,C1,0,,,,,,,,,
904	,530X-,-2.35E-06,-1.17E-06,-1.25E-07,0,C1,56,,,,,,,,,
905	,530Y+,6.90E-08,-3.76E-06,-5.63E-07,0,C1,57,,,,,,,,,
906	,530Y-,2.48E-08,1.34E-06,-1.75E-07,0,C1,58,,,,,,,,,
913	,550VK,-1.96E-07,-5.38E-07,1.33E-06,1,C1,0,,,,,,,,,
919	,550PM,1.45E-07,-2.88E-07,-1.55E-06,0,C1,61,,,,,,,,,
921	,0D0,-7.27E-07,-3.29E-06,-1.15E-06,0,C1,59,,,,,,,,,
944	,530X+,1.85E-06,-9.02E-07,-2.79E-07,0,C1,63,,,,,,,,,
945	,530X-,-2.26E-06,-9.51E-07,-2.38E-07,0,C1,62,,,,,,,,,
946	,530Y+,-1.58E-07,-2.96E-06,-3.42E-07,0,C1,66,,,,,,,,,
947	,530Y-,-3.92E-07,1.17E-06,-1.79E-07,0,C1,64,,,,,,,,,
